999
997
996
996
995
994
992
992
992
989
988
987
985
985
985
983
981
980
980
979
978
977
976
976
972
971
969
969
969
968
968
968
965
965
963
960
959
958
958
956
956
954
951
951
951
950
948
947
946
944
943
943
942
942
938
933
933
933
932
932
931
931
930
928
927
927
927
925
925
923
923
921
920
920
919
918
917
916
915
914
913
909
908
908
906
906
906
905
902
901
901
901
901
900
900
900
900
899
898
898
897
896
895
889
888
887
887
886
886
885
885
884
878
877
876
875
874
873
872
872
872
871
869
868
865
865
864
862
860
860
860
858
857
856
855
853
851
850
849
849
849
848
847
846
844
843
843
840
840
838
837
836
835
835
832
830
829
829
828
828
828
827
826
826
825
825
825
824
824
823
823
823
822
820
820
820
819
819
817
817
816
814
813
812
812
812
811
809
806
802
799
798
798
797
796
796
795
793
791
789
789
788
788
788
788
787
787
787
787
786
786
785
785
784
784
783
782
782
780
779
779
775
775
771
769
768
767
766
765
765
763
763
763
760
760
759
757
755
752
751
751
748
747
746
746
745
744
744
744
744
743
739
738
737
735
735
733
732
731
730
730
730
729
728
725
724
724
724
722
722
721
717
717
716
715
715
712
712
710
710
709
707
707
703
702
702
701
700
700
697
697
697
696
692
692
691
691
690
690
688
688
688
688
687
687
686
686
686
685
682
681
679
679
678
678
677
674
673
673
672
672
668
667
667
667
663
663
662
662
660
659
659
659
657
656
654
653
653
653
651
650
649
648
647
646
646
646
645
644
643
642
641
641
639
638
638
638
637
637
636
636
635
633
633
632
626
626
626
626
625
623
619
618
618
618
612
610
609
608
607
606
605
604
603
601
601
601
601
600
599
597
595
594
594
592
592
591
591
590
590
589
588
588
587
585
583
582
580
579
577
577
577
577
575
575
574
573
572
572
570
569
568
566
566
565
565
565
565
563
562
562
561
561
559
558
557
556
556
553
551
550
549
547
543
543
542
542
540
538
537
537
537
537
536
536
535
535
533
532
531
530
529
529
527
527
527
525
525
525
524
523
523
522
521
520
518
517
517
516
515
513
512
510
509
509
507
507
505
505
502
501
501
501
499
498
497
496
496
495
495
494
494
494
494
492
491
486
486
486
484
484
482
481
481
480
480
479
478
473
472
472
472
471
470
470
469
467
466
466
464
464
464
463
459
458
457
456
456
453
452
449
445
444
438
432
431
431
431
431
428
427
427
427
426
426
425
424
424
422
422
421
419
418
418
418
417
417
416
414
413
412
412
411
411
408
406
406
405
404
402
400
400
398
398
398
397
395
395
395
395
394
394
394
394
392
392
392
392
391
391
390
389
388
387
386
386
385
384
384
382
380
380
380
379
379
378
377
375
374
373
372
371
370
370
369
368
367
365
364
364
364
363
363
363
362
357
356
356
355
354
352
352
351
350
349
346
346
345
341
341
339
339
339
338
337
336
335
333
331
329
328
328
327
326
323
323
322
321
320
320
320
319
318
318
315
315
313
313
312
309
308
308
307
306
306
305
304
304
301
301
300
300
299
298
297
296
294
293
292
290
289
288
288
287
287
287
287
284
283
283
281
280
279
277
275
275
275
272
272
270
269
267
267
265
264
264
264
263
262
261
260
260
259
256
255
255
255
254
253
252
252
251
251
249
249
249
248
247
243
242
241
241
238
236
235
234
234
234
233
231
231
230
228
228
228
226
225
224
224
220
219
219
219
219
218
218
217
217
217
216
216
215
214
214
214
211
211
211
209
209
209
209
209
207
207
206
206
206
205
201
200
198
197
197
196
196
196
194
193
193
189
189
187
185
185
184
184
184
183
182
182
181
180
178
177
176
176
176
176
175
174
173
172
169
166
166
165
165
165
162
161
161
160
159
159
158
157
156
155
155
154
153
152
152
151
149
144
144
142
142
140
139
138
138
137
136
135
134
133
131
130
130
126
125
124
124
124
124
122
122
120
119
118
118
116
116
115
114
114
114
114
113
113
110
109
109
108
108
107
106
105
105
104
104
103
103
103
100
99
99
99
99
97
96
95
95
95
95
92
92
91
91
90
89
89
88
86
84
82
81
81
78
78
78
75
73
72
71
70
70
69
68
66
65
64
60
59
59
57
56
54
52
51
51
51
51
51
49
48
47
45
42
41
40
39
36
36
36
33
33
32
30
30
29
28
27
26
26
25
24
24
22
22
20
19
19
19
18
18
17
16
11
9
6
5
4
4
2
1
0
