985
995
297
230
27
901
823
287
799
196
480
824
211
4
184
249
757
219
226
958
169
780
251
174
189
219
68
771
4
207
89
411
109
6
653
513
976
320
89
886
971
417
51
712
653
69
296
416
729
142
97
224
320
997
647
478
608
785
896
523
646
763
413
214
404
732
219
840
933
898
345
512
812
642
99
826
943
659
103
682
828
722
165
547
685
977
585
931
763
118
509
40
459
279
228
730
507
872
422
588
530
184
597
30
837
152
78
875
836
592
553
427
748
601
588
458
299
124
371
580
639
965
811
806
260
872
95
992
48
228
887
765
394
823
999
438
724
301
517
151
959
209
341
18
484
561
320
9
752
505
897
327
697
352
798
653
827
218
543
921
843
678
992
292
569
110
730
370
81
496
175
525
368
247
185
663
52
985
184
906
467
784
605
100
561
494
835
172
525
722
556
589
472
130
542
637
206
765
591
337
304
91
795
766
36
133
944
510
306
217
537
161
486
51
915
847
877
760
796
378
209
537
189
659
64
135
196
524
26
323
618
73
901
251
108
697
696
889
830
779
743
284
380
717
779
582
688
211
217
787
543
412
785
562
114
346
927
783
848
784
479
231
196
275
851
260
56
626
667
672
411
751
968
49
370
372
457
809
885
972
840
916
679
636
963
951
424
33
59
927
822
350
270
375
515
710
122
796
688
601
992
996
906
394
603
923
635
919
787
660
820
820
114
255
142
537
983
120
575
871
712
788
577
88
884
75
380
362
233
606
492
638
374
495
942
158
305
329
287
725
687
280
234
386
638
951
775
481
969
289
138
577
715
908
746
464
707
835
364
715
876
768
853
388
427
418
594
220
119
365
565
36
272
829
243
382
335
144
152
275
51
395
668
104
601
788
626
625
162
165
51
363
823
431
868
755
287
565
201
400
249
905
645
663
464
692
66
843
828
562
235
308
19
209
178
24
650
981
947
619
521
690
149
387
969
216
318
674
99
855
909
259
709
339
767
565
667
287
33
116
11
183
623
536
496
678
522
269
716
277
22
914
825
265
844
107
996
557
933
686
256
494
856
18
22
134
644
529
267
899
182
491
138
323
728
633
930
157
424
238
398
885
108
115
673
124
659
173
531
900
735
672
211
456
901
502
214
825
206
646
798
30
469
700
486
737
78
900
216
283
481
527
626
391
198
791
789
601
516
224
252
932
819
406
346
517
494
95
124
380
70
331
697
288
787
51
341
599
118
688
536
351
646
60
692
139
744
900
860
577
472
786
470
739
131
395
814
431
925
20
849
738
787
702
17
241
338
352
533
452
575
898
159
197
42
538
520
920
385
306
501
400
103
84
559
887
498
25
618
463
656
41
686
419
556
105
114
978
124
733
228
948
384
422
214
444
763
657
453
464
819
209
679
824
313
126
590
497
923
793
832
328
747
759
425
267
166
313
700
197
643
290
484
686
153
592
888
218
406
395
860
122
829
788
99
626
900
354
906
820
177
480
264
379
667
802
154
392
137
103
782
813
509
249
45
994
788
263
946
36
339
255
408
572
1
234
431
648
920
392
632
572
579
248
797
283
775
933
96
895
956
427
470
960
938
373
217
724
583
594
691
687
426
869
241
927
902
293
369
205
540
760
535
363
262
304
113
618
105
612
527
563
878
418
558
333
125
980
421
950
507
264
501
838
140
681
886
255
92
219
81
187
206
0
326
99
529
857
595
874
958
65
391
19
751
379
349
494
418
261
931
466
5
193
812
394
702
315
604
91
865
144
426
943
19
690
744
956
394
828
95
662
300
182
566
156
908
161
850
242
26
39
495
849
610
364
231
532
968
445
537
176
988
328
637
321
466
193
577
114
568
29
769
301
377
735
707
155
254
535
816
724
710
600
180
355
932
90
918
209
397
319
417
357
501
104
980
386
638
159
116
651
165
826
979
609
573
272
200
130
942
989
731
92
873
155
194
367
318
633
860
236
641
225
294
913
389
472
812
701
570
252
505
928
542
456
551
136
113
951
57
312
688
473
518
363
499
482
181
641
414
71
2
566
264
24
486
339
525
28
78
160
402
565
322
677
591
47
985
234
969
364
95
691
166
872
398
298
549
215
32
865
405
288
746
176
336
432
786
965
281
384
176
300
636
846
864
70
817
412
307
968
16
703
574
395
86
428
431
607
398
309
789
954
176
849
987
550
185
744
649
356
976
253
662
917
527
925
392
862
54
817
390
523
782
356
82
721
587
745
275
471
590
673
449
858
207
901
315
106
654
308
730
717
744
392
109
825
72
59
