775
495
938
729
292
897
444
248
144
461
611
464
155
753
981
6
568
333
121
25
927
860
187
595
780
526
501
436
288
0
262
559
785
173
115
465
727
848
308
16
713
777
574
944
569
106
693
149
191
903
3
12
255
739
40
378
401
564
599
770
707
714
687
454
562
592
488
644
354
249
62
853
840
317
917
441
410
553
510
97
654
309
28
939
45
13
374
13
142
178
460
776
970
692
542
637
933
268
26
7
85
196
821
658
991
124
188
60
816
178
304
128
338
809
94
917
993
944
174
5
207
611
473
608
305
122
826
493
878
957
138
453
586
987
747
393
387
129
664
922
864
776
479
151
319
582
988
879
942
224
197
781
499
531
510
643
82
292
242
381
253
691
620
586
621
914
558
564
283
30
702
843
24
790
574
166
565
471
932
308
159
4
987
630
596
490
421
733
33
784
335
107
822
539
13
919
1000
555
45
686
415
713
414
288
4
41
242
106
46
649
3
105
970
611
90
931
136
259
817
308
13
498
288
829
528
935
285
214
572
774
974
579
380
64
47
396
993
145
205
189
721
227
894
152
329
43
703
71
161
582
207
831
806
267
175
356
873
319
427
389
171
935
769
251
79
628
71
146
746
626
687
110
187
145
671
563
422
449
733
837
935
743
269
900
351
285
712
821
339
917
475
734
985
930
253
721
131
446
446
530
110
442
512
862
772
479
921
854
844
907
408
76
457
365
255
797
8
617
87
83
707
408
225
266
919
422
532
456
771
552
264
563
81
583
21
467
536
118
227
721
188
688
693
97
886
310
401
772
62
333
51
986
978
226
849
839
664
529
335
473
491
113
918
313
500
133
459
574
132
472
763
967
808
986
997
563
422
251
674
213
783
103
438
298
379
562
598
23
151
460
908
564
519
192
247
531
412
570
905
501
937
880
181
298
382
490
933
856
475
185
581
803
960
604
522
818
974
5
60
738
846
241
802
867
611
539
300
131
115
806
581
743
621
686
377
133
56
218
19
706
639
387
993
826
204
920
363
405
849
884
440
117
682
606
511
869
515
195
126
319
906
869
857
539
668
963
632
4
154
453
922
275
717
312
174
312
532
431
506
200
304
424
911
739
241
877
717
841
820
138
926
22
147
267
330
147
554
526
718
394
431
49
276
477
282
883
912
533
282
137
735
854
487
604
366
568
521
243
736
454
953
717
502
444
457
623
789
415
140
442
814
402
432
91
695
519
429
152
381
295
188
484
282
200
806
615
303
924
281
133
910
603
255
657
597
717
380
290
397
224
857
10
424
336
3
832
249
672
257
303
619
257
80
754
183
360
118
289
982
827
20
334
332
37
611
641
854
117
611
777
279
674
831
52
655
691
11
672
713
235
483
421
724
660
672
116
947
383
648
916
220
738
944
570
829
956
324
652
113
664
749
42
965
922
56
464
3
608
605
500
494
260
886
925
114
180
553
443
476
764
163
731
366
430
525
603
278
117
671
9
111
208
43
946
143
264
52
243
367
808
767
28
381
538
298
846
420
179
958
431
709
998
331
582
76
232
689
737
223
888
848
563
442
395
11
988
276
32
701
679
434
198
958
655
493
366
72
717
351
451
744
583
781
404
618
524
402
773
705
177
663
751
350
24
678
957
546
1
954
21
677
506
748
243
797
747
807
738
340
318
848
519
692
37
450
84
666
783
808
648
245
502
259
384
449
448
417
587
185
812
57
715
300
562
631
782
787
28
103
653
839
872
391
754
536
390
569
495
574
819
721
289
809
729
938
715
835
696
200
87
208
472
993
713
183
753
727
346
522
796
723
144
461
419
101
56
459
367
8
702
933
708
212
220
47
499
485
9
194
608
507
202
712
185
668
504
49
810
357
230
674
558
811
682
158
119
629
805
884
161
230
818
295
579
988
69
63
676
912
655
138
700
665
950
349
228
757
5
132
40
84
180
655
984
760
801
576
577
727
516
244
944
842
552
420
205
84
483
413
581
896
314
161
848
22
695
677
855
652
842
236
844
900
588
37
339
551
319
183
786
63
12
828
647
417
677
23
73
834
421
473
145
256
750
566
243
458
314
784
296
640
142
467
785
900
527
610
214
795
481
488
817
535
836
534
152
624
928
82
59
539
772
908
567
256
277
345
166
38
598
315
724
778
615
104
298
774
7
203
84
365
821
455
878
735
417
858
317
322
537
316
518
361
90
411
857
863
142
315
713
331
994
575
711
110
757
27
367
96
751
132
33
348
612
709
220
778
785
26
635
989
395
346
611
753
741
117
570
260
825
988
175
908
755
39
612
265
545
750
966
406
168
704
599
994
34
253
690
814
610
484
586
441
509
578
871
635
451
726
286
311
814
464
113
981
878
472
319
317
601
868
142
908
1000
436
907
590
475
334
549
561
171
876
333
133
893
999
227
75
426
419
51
156
901
43
542
215
333
261
12
531
195
111
384
961
75
465
12
753
812
229
79
698
881
249
95
74
239
619
571
576
497
598
760
606
181
618
655
152
541
695
327
525
482
418
958
541
606
714
598
411
269
808
223
196
243
204
298
767
118
568
166
843
751
289
331
733
307
738
34
334
294
922
679
619
60
150
282
403
437
696
127
755
108
731
504
294
731
9
456
359
23
495
735
707
156
516
181
908
724
712
996
726
590
697
525
543
950
355
435
248
845
46
830
825
198
159
608
498
88
360
898
733
532
826
60
683
64
866
551
659
68
933
686
445
987
115
460
283
448
152
636
610
344
722
779
577
63
279
175
793
840
546
977
923
618
335
478
480
393
173
927
602
727
669
9
856
256
856
265
378
624
442
558
605
324
826
855
514
783
882
491
105
335
798
920
337
349
578
199
191
59
519
143
190
751
590
967
370
772
309
224
932
595
244
531
591
136
332
41
517
774
687
399
614
828
550
610
193
301
496
102
542
923
200
382
87
692
22
23
934
340
31
218
619
965
976
160
152
645
518
947
794
206
290
304
36
10
243
25
370
336
349
850
300
739
887
345
375
912
352
672
180
835
341
410
931
305
686
310
96
684
784
917
450
96
752
773
579
553
203
925
845
810
165
398
382
248
563
584
168
187
991
744
548
823
94
499
712
472
975
649
41
834
711
518
982
539
696
758
912
435
853
844
466
312
683
800
41
755
923
651
768
82
783
702
120
481
276
209
162
6
578
289
440
233
736
650
644
373
800
901
231
760
753
99
972
705
0
426
445
114
395
573
232
726
556
655
609
418
553
866
868
804
756
271
901
118
511
67
558
348
541
305
438
728
772
463
569
138
744
556
494
544
812
597
180
104
983
839
9
895
981
222
248
841
387
424
359
174
700
529
398
684
541
109
775
902
489
177
477
294
550
288
691
38
365
540
692
6
256
362
673
767
723
751
748
645
261
935
335
851
250
839
134
441
832
521
519
382
955
222
147
750
43
922
0
808
6
371
783
336
188
827
756
92
423
641
516
924
285
724
922
278
284
510
372
652
565
656
237
564
537
991
801
382
69
191
435
532
935
632
36
894
436
755
712
673
386
376
904
626
163
346
893
474
473
692
298
800
273
478
26
266
135
11
411
520
877
346
780
251
794
693
186
603
58
493
156
869
791
232
384
140
298
355
751
483
392
390
911
406
931
964
387
341
149
546
622
112
552
374
634
559
698
87
535
525
830
374
690
604
369
216
904
455
406
535
779
171
361
111
561
9
662
312
621
15
658
672
514
772
668
452
322
135
598
893
821
877
269
987
970
355
88
354
651
381
989
917
902
594
64
811
769
873
242
213
293
422
178
992
912
590
382
737
384
900
222
307
38
560
303
108
602
247
133
437
676
337
832
309
255
79
221
801
141
525
781
389
625
807
292
95
366
679
408
685
401
604
171
110
474
127
332
883
627
871
406
515
86
601
457
465
768
297
674
422
462
349
917
71
293
32
113
936
93
250
50
479
906
402
294
423
221
672
423
516
524
353
839
524
407
332
181
204
174
422
574
593
108
968
532
488
457
766
0
245
496
143
950
758
209
672
141
456
586
753
877
907
951
178
319
41
803
204
205
241
941
394
265
788
312
476
237
998
350
498
575
932
499
852
14
14
383
579
793
762
613
34
233
950
795
125
160
524
575
922
181
206
738
371
635
936
595
230
64
240
313
877
460
753
275
414
77
550
95
189
814
962
436
153
563
810
596
531
117
654
342
714
971
261
39
887
812
361
790
877
894
188
156
678
688
960
737
839
433
380
136
848
969
620
824
455
242
110
203
148
780
611
525
201
477
771
106
959
145
821
287
676
188
140
157
897
544
606
162
479
117
193
961
31
630
956
241
405
525
632
907
840
751
883
431
215
758
521
869
14
807
628
808
585
740
77
621
925
80
116
453
65
861
473
589
0
5
1000
30
37
696
725
24
862
942
656
382
503
831
885
716
20
917
347
482
587
553
736
509
588
713
798
660
797
975
951
560
814
632
669
575
436
365
331
399
668
228
844
891
176
432
426
828
757
913
615
452
260
894
96
853
997
873
867
250
416
83
394
620
309
1000
824
746
28
44
499
80
940
951
261
636
51
693
35
999
808
698
47
527
602
772
733
547
868
260
176
67
437
420
9
478
793
839
633
93
748
809
144
337
445
74
663
829
297
535
776
164
339
170
168
708
944
225
778
598
561
171
111
180
207
125
514
545
117
421
126
244
881
931
510
414
383
93
905
267
841
724
627
77
907
671
802
191
999
758
96
836
375
512
148
904
111
579
723
231
72
137
296
847
566
684
213
479
410
982
250
924
62
445
655
418
811
923
568
641
610
267
736
151
9
739
728
639
490
55
386
389
52
813
448
92
526
408
55
975
203
427
244
625
604
967
562
692
304
883
755
617
623
910
374
817
102
499
417
530
269
664
922
292
114
607
300
760
605
735
590
540
136
219
761
454
812
829
718
381
243
149
268
237
434
447
763
75
403
487
407
277
494
3
795
217
184
536
806
873
449
914
212
456
401
251
985
32
990
832
835
599
240
620
588
699
990
908
331
857
665
997
375
10
842
890
760
396
447
789
684
69
622
966
899
367
682
633
810
830
54
216
189
902
776
865
250
678
220
366
551
228
86
583
204
13
842
845
904
749
0
963
313
483
19
22
397
485
675
788
849
787
617
291
2
483
532
453
758
295
1
199
89
955
95
273
436
873
263
813
414
772
202
299
689
928
825
432
355
111
678
660
675
911
893
900
469
366
91
34
507
350
695
645
71
898
789
455
910
901
183
844
284
676
10
510
735
701
353
656
159
908
245
149
29
928
586
581
49
451
600
195
417
53
49
723
319
989
452
984
997
944
161
466
354
548
482
141
390
167
925
368
213
914
0
533
49
636
383
728
853
768
862
345
65
426
578
491
505
598
474
17
147
71
844
780
508
980
844
238
596
233
906
111
536
498
764
570
63
706
836
439
616
508
6
580
640
1000
851
60
136
325
344
785
588
999
965
252
656
16
117
408
930
729
410
641
294
841
279
955
794
718
929
773
156
577
519
90
641
544
150
616
684
782
784
395
687
971
182
700
772
710
805
55
57
141
520
103
539
620
193
693
188
300
222
736
663
644
219
648
777
851
997
415
983
686
58
525
119
982
523
770
637
217
219
538
978
952
960
585
10
879
469
633
231
50
4
121
609
800
400
4
959
545
278
405
465
498
292
346
445
839
62
260
976
33
978
456
180
587
799
205
135
433
559
17
772
18
968
148
411
2
52
400
507
853
910
420
343
640
826
989
88
619
289
752
226
519
295
519
525
87
175
911
423
773
405
638
533
592
446
312
638
476
91
319
27
838
949
749
100
957
733
746
691
659
645
471
173
441
375
432
910
5
444
873
625
124
445
307
98
414
741
331
596
169
983
965
97
295
681
576
19
547
103
464
122
480
283
755
933
322
18
61
4
175
725
390
802
606
29
799
140
781
664
589
312
217
900
274
19
559
712
687
736
55
28
79
472
330
769
209
104
919
845
554
545
769
890
173
584
576
248
641
926
841
205
39
986
407
378
26
390
67
274
305
260
607
613
446
137
176
891
739
915
410
384
171
209
472
511
672
821
490
520
779
481
241
666
364
237
927
210
287
13
622
838
84
477
747
667
130
458
62
41
250
828
905
418
9
998
977
950
421
718
86
340
440
176
458
169
219
599
475
554
824
860
592
686
86
90
406
581
644
137
235
727
149
544
176
152
250
568
724
161
777
620
146
970
53
431
478
525
627
407
146
620
129
519
135
665
310
653
494
423
836
43
814
633
164
862
506
214
650
634
410
995
668
929
111
723
32
138
27
310
636
37
908
640
809
826
170
451
231
993
1000
669
534
180
246
653
774
922
181
284
69
161
861
202
342
162
163
14
745
849
197
714
977
974
659
315
794
925
316
453
947
840
636
818
356
477
976
537
411
579
67
23
899
580
153
857
111
799
335
768
851
375
597
553
600
658
917
227
934
30
120
830
905
76
845
519
102
63
580
624
43
765
611
536
362
666
740
951
798
901
969
407
341
392
844
423
243
994
899
22
612
252
297
330
838
869
945
280
316
496
875
81
433
846
64
989
965
327
637
699
595
47
418
396
411
375
327
781
334
593
342
47
885
611
481
101
98
822
943
91
315
992
26
1
943
442
392
458
158
981
174
377
570
29
21
113
872
478
725
421
162
736
62
703
891
505
950
618
783
153
765
467
724
568
543
792
485
413
899
61
746
156
868
68
7
76
16
558
466
240
745
959
823
562
508
270
684
188
494
5
143
157
310
398
874
831
62
824
386
886
718
476
158
869
683
504
77
445
344
631
145
338
638
41
122
314
716
529
644
214
895
942
976
148
858
269
931
190
670
189
333
887
808
149
795
133
253
890
511
75
92
432
473
805
135
451
570
936
10
459
281
486
422
464
747
956
144
140
944
854
537
732
563
550
935
409
651
671
32
191
80
722
391
34
530
337
701
546
202
790
355
19
269
789
477
592
580
668
675
244
152
46
604
477
674
777
184
797
315
270
182
219
528
939
963
364
704
443
982
452
444
942
457
131
627
844
571
232
29
327
717
968
881
110
603
310
402
982
501
89
10
803
269
840
330
457
131
753
80
791
89
279
792
501
341
467
25
351
212
294
627
500
580
871
67
32
903
490
43
36
349
63
818
711
193
781
30
914
336
209
385
506
80
382
818
872
782
583
60
807
386
187
690
440
518
736
607
705
972
188
690
417
339
851
256
717
646
400
586
180
535
41
672
407
227
716
345
259
516
976
200
316
332
922
107
426
320
493
152
234
546
661
532
842
147
233
179
395
406
715
935
450
12
528
482
971
368
998
861
174
722
222
575
294
503
254
657
424
273
886
429
723
36
253
75
163
616
994
512
168
146
1
89
719
397
989
163
876
879
540
150
166
606
97
830
9
468
112
940
516
687
827
90
869
655
259
637
532
708
977
439
355
428
470
636
151
728
560
948
368
118
887
519
452
960
858
883
959
265
863
573
198
97
910
653
241
535
264
236
932
552
912
36
94
248
735
632
297
167
155
251
145
433
990
94
839
662
883
749
81
229
31
923
929
438
331
173
677
271
698
445
442
387
646
835
974
38
927
73
436
964
762
761
58
116
756
136
66
588
958
53
760
218
737
571
920
962
387
518
996
874
855
878
673
769
694
516
567
588
758
803
456
341
44
514
843
836
886
758
735
458
891
335
700
203
539
224
1000
615
880
481
635
848
709
760
947
146
204
495
345
439
694
56
924
850
306
893
822
345
447
509
79
278
981
213
139
353
315
95
473
46
341
196
225
314
457
773
657
369
411
173
289
748
29
867
722
957
224
719
628
924
657
992
429
222
103
611
744
472
274
680
446
410
190
68
298
376
106
308
230
939
482
514
364
805
427
208
749
72
931
294
321
250
129
704
445
224
569
451
176
358
836
598
67
171
549
838
766
975
2
705
114
660
620
455
65
84
297
760
324
397
928
807
890
69
40
89
505
281
560
957
210
697
537
134
362
221
704
465
759
912
221
736
340
81
691
716
221
248
835
520
562
546
877
701
115
824
247
359
370
320
69
303
366
286
323
420
881
864
925
359
253
449
349
280
357
141
232
274
806
791
947
302
50
143
576
493
489
835
25
302
680
712
333
4
494
931
97
262
907
303
624
768
709
989
467
901
832
820
142
485
937
812
855
418
198
576
871
137
366
916
779
735
121
278
468
470
809
914
14
792
651
909
174
934
750
279
101
195
873
19
276
578
588
872
783
476
399
180
577
484
292
774
359
319
518
917
420
121
286
935
156
688
346
222
674
670
794
75
688
740
365
911
554
244
816
995
482
842
805
793
873
601
272
283
234
249
596
821
963
232
789
722
849
157
608
881
88
447
794
591
627
944
211
794
559
605
536
395
188
887
658
891
537
875
308
676
463
290
642
854
659
218
839
471
650
591
522
504
740
955
203
510
573
675
946
596
654
302
953
122
421
945
71
874
413
903
928
793
321
883
628
958
377
798
538
818
896
963
333
733
334
163
922
149
671
514
265
60
191
162
271
547
490
302
770
819
419
218
424
938
615
874
646
760
178
192
228
788
52
376
730
937
942
528
132
131
428
786
280
138
317
729
379
641
560
404
255
410
964
964
109
790
553
249
424
104
818
556
416
329
451
591
97
228
758
417
843
354
291
580
18
264
684
197
960
573
218
526
114
685
193
543
594
188
965
789
781
643
460
63
173
192
816
630
127
741
761
202
514
390
912
99
608
937
330
528
639
967
595
544
885
865
94
620
940
89
994
882
817
488
704
819
361
729
643
297
839
497
233
913
382
2
622
236
612
146
584
781
369
13
402
707
193
777
420
295
484
151
339
769
226
438
908
733
118
629
577
893
18
618
636
974
708
896
461
518
74
294
760
48
249
871
575
175
162
482
413
683
519
794
384
891
213
846
608
935
839
276
317
682
149
62
755
315
695
589
297
562
955
828
86
272
831
259
343
74
771
913
807
632
578
424
507
528
412
428
931
943
113
800
858
658
385
633
275
864
772
468
545
195
77
961
4
169
5
496
227
751
971
735
208
105
677
551
868
611
929
343
245
96
136
737
979
20
7
296
104
734
11
406
539
157
291
265
796
675
335
489
923
520
952
695
773
395
152
321
855
505
563
553
394
984
502
469
323
14
282
717
833
637
145
433
752
508
833
854
925
130
326
900
663
765
967
560
553
204
315
323
986
797
21
900
26
456
835
104
157
512
54
371
754
422
279
985
90
561
749
250
5
382
173
204
747
725
772
659
311
993
683
267
749
266
98
132
433
514
590
90
190
731
279
521
392
103
47
386
852
54
514
458
422
165
104
460
40
592
91
662
731
120
327
865
50
144
795
880
383
16
389
897
316
156
225
423
296
1000
793
140
23
955
883
121
99
674
886
74
385
755
650
918
386
913
775
376
72
899
165
282
363
233
557
426
130
460
834
150
721
842
369
228
160
802
111
548
622
3
51
804
405
343
85
908
16
793
841
965
487
390
261
83
76
748
35
990
195
989
514
512
162
744
421
451
204
78
200
171
870
803
202
560
30
270
419
859
14
340
623
758
254
200
402
610
267
879
676
41
76
485
971
202
221
873
887
91
386
90
611
240
743
64
157
189
938
769
466
781
187
9
419
137
645
146
977
919
112
209
390
107
285
817
211
219
397
397
616
591
123
867
314
242
123
656
666
327
736
411
595
590
626
541
869
72
321
63
85
933
446
823
985
249
927
150
625
136
670
910
629
38
822
84
155
366
68
90
994
581
697
629
408
280
340
288
746
771
359
455
711
997
906
939
757
344
344
988
564
575
606
948
522
615
533
5
741
893
161
696
767
549
284
680
252
637
470
339
325
414
339
516
886
994
165
595
466
70
628
295
287
250
928
140
918
141
699
912
947
257
928
266
836
610
423
345
803
739
888
9
156
285
223
143
815
334
443
897
293
824
509
941
66
550
842
137
786
422
699
385
92
337
809
722
29
469
184
335
629
827
15
776
532
825
532
466
533
396
585
990
821
641
802
720
401
372
366
84
711
894
450
120
992
631
804
945
977
385
497
936
539
750
978
18
394
901
303
588
482
767
638
174
754
812
988
524
570
585
536
372
886
839
30
162
661
381
27
721
209
165
489
71
838
55
243
799
421
125
943
324
387
574
849
327
459
12
573
39
487
970
168
476
569
819
947
650
837
646
304
111
464
552
218
609
330
738
405
659
915
982
679
536
10
317
515
247
950
463
190
6
839
186
861
563
196
297
207
819
675
900
732
253
573
169
730
623
503
277
208
245
996
793
260
483
707
223
957
580
587
496
641
421
319
941
486
118
637
891
681
75
136
360
577
243
719
762
409
414
798
555
311
910
274
241
888
195
454
621
231
833
183
784
541
322
579
66
138
732
501
864
82
370
69
601
253
616
236
866
17
304
590
693
790
310
789
537
274
305
292
614
598
911
597
471
343
99
295
981
720
906
895
28
249
329
124
972
637
731
784
661
469
618
614
902
809
37
878
423
581
536
892
651
185
678
139
963
20
130
317
958
301
953
617
424
366
703
254
532
888
794
513
147
444
800
216
159
4
938
876
781
215
447
631
932
863
184
708
133
488
355
602
383
31
179
302
405
972
566
475
395
229
784
654
204
47
194
503
97
628
368
449
620
758
905
918
238
956
706
737
0
454
893
14
898
48
615
569
302
285
554
6
578
192
564
957
445
158
193
522
297
557
81
667
313
359
851
922
116
760
946
621
845
681
151
837
417
429
337
404
856
445
285
457
889
675
921
101
157
162
572
533
280
226
356
890
745
224
85
782
275
383
988
997
946
39
723
73
614
713
786
165
401
937
226
357
450
34
918
92
580
385
13
135
415
352
89
538
5
793
792
542
238
836
962
323
493
228
743
660
448
661
130
519
345
430
951
417
727
538
473
770
798
431
977
782
658
851
379
630
758
648
68
47
807
858
309
951
679
269
156
309
142
877
53
491
451
673
334
994
570
654
786
747
229
206
166
193
465
467
78
973
982
182
915
211
970
657
757
465
849
824
129
974
89
22
889
363
331
887
948
90
839
528
122
976
214
911
738
874
381
847
468
206
592
610
453
586
123
7
241
687
836
421
757
899
128
311
75
205
337
234
473
451
387
353
241
251
830
868
926
133
908
849
664
381
936
566
951
220
121
82
227
829
314
152
474
542
518
376
464
926
633
116
547
585
171
666
505
979
122
93
897
532
241
252
985
61
268
756
291
797
715
828
111
538
131
305
93
775
940
19
563
892
61
654
771
445
933
40
529
565
401
800
970
836
344
387
848
218
454
857
979
349
972
293
710
164
925
619
129
332
5
261
916
889
843
280
723
535
708
796
353
511
350
174
557
867
315
680
263
218
550
938
996
26
55
899
322
315
451
415
116
158
666
449
426
740
488
248
993
634
267
941
52
898
609
278
361
509
99
552
419
5
346
710
318
446
247
993
418
899
63
279
658
404
18
289
347
443
234
858
599
447
359
733
895
302
198
799
78
532
687
671
330
260
672
487
444
518
799
837
727
519
10
426
804
510
810
237
495
958
490
437
475
546
447
701
509
453
168
527
519
383
681
665
800
309
4
140
664
922
344
830
675
721
864
599
952
392
613
412
306
135
839
475
473
656
676
105
346
349
563
144
689
29
917
8
986
178
850
278
36
956
123
820
495
169
489
812
696
906
880
370
389
741
878
706
428
539
196
857
191
664
860
46
44
341
924
758
871
557
3
785
153
100
658
655
789
866
853
537
473
852
212
168
294
458
531
622
24
92
251
365
319
963
642
321
728
596
954
575
641
173
437
267
773
980
797
7
824
239
458
256
517
653
45
701
188
396
645
661
658
108
176
31
847
671
533
975
481
252
589
89
533
565
989
342
169
523
764
581
773
790
429
91
340
623
595
140
366
871
600
466
788
903
950
27
608
632
936
883
639
132
207
698
952
405
637
482
534
27
111
35
645
305
498
163
858
520
491
536
412
519
134
196
975
110
413
924
203
946
785
860
228
861
28
387
447
160
338
631
984
342
850
339
118
270
999
475
772
535
32
112
425
913
178
84
103
569
147
320
475
633
10
130
702
920
73
271
907
297
964
639
588
246
794
457
437
857
937
151
356
420
182
250
266
152
83
418
511
917
586
337
765
808
621
144
185
448
242
286
485
582
228
412
303
115
64
196
922
868
884
709
905
861
951
933
505
15
381
595
751
364
302
628
270
549
404
790
506
327
959
32
345
392
751
573
541
700
804
458
879
906
602
912
636
740
124
82
869
457
1000
594
547
301
405
353
551
124
194
789
950
752
845
124
219
259
597
226
888
447
781
579
547
933
781
359
710
179
850
716
66
117
121
126
656
593
954
742
38
643
693
952
854
947
879
296
196
41
165
512
649
27
176
303
218
734
481
404
283
847
324
849
709
746
257
226
109
377
12
883
554
520
895
524
270
564
794
446
12
822
582
563
299
562
780
765
157
119
99
232
177
473
624
176
593
291
521
914
759
334
724
77
536
1
903
338
290
48
867
308
61
419
341
848
823
131
866
347
232
67
604
324
629
168
140
289
654
746
645
859
825
957
884
692
353
642
1000
104
507
325
972
917
847
813
485
995
383
333
964
152
177
975
838
108
918
772
619
534
155
72
859
360
371
732
75
625
217
640
522
831
285
840
183
361
443
207
128
58
47
959
412
843
474
571
845
37
473
365
638
983
83
900
959
934
395
64
543
655
170
119
774
109
894
66
836
811
374
709
734
90
391
345
468
257
546
45
226
470
391
689
756
403
826
838
433
112
84
869
97
413
31
39
293
710
205
476
547
856
857
893
719
901
544
975
515
545
336
315
290
809
22
517
153
892
780
645
90
636
411
34
286
58
819
362
976
378
885
412
581
606
378
359
32
559
378
424
190
267
171
561
567
802
432
342
948
76
509
132
847
922
983
988
877
985
786
671
934
428
216
578
198
326
348
960
820
312
232
851
150
813
694
22
633
685
133
614
280
453
132
81
661
202
219
584
226
127
154
515
637
689
544
712
730
702
323
427
406
949
197
908
258
837
340
382
77
418
721
160
13
202
506
884
890
506
89
543
509
432
373
217
252
384
993
400
440
811
292
891
947
70
59
598
756
679
661
804
218
966
301
707
443
424
683
884
153
433
826
343
25
799
216
670
808
897
709
552
262
394
666
575
13
90
304
190
4
461
822
309
272
254
675
573
511
449
717
157
861
752
416
218
942
413
72
442
340
709
202
624
48
979
704
326
2
286
695
607
726
219
997
705
215
652
872
168
989
673
842
637
462
847
816
906
721
178
210
254
387
521
718
676
492
947
548
357
413
172
895
764
684
769
754
867
787
614
290
989
449
186
401
707
374
802
913
930
390
892
458
426
269
449
209
302
939
933
864
354
836
90
576
525
961
173
715
30
321
122
52
632
760
158
725
666
899
373
685
8
105
658
230
327
486
646
849
284
415
580
256
749
429
152
613
545
59
52
289
427
197
485
460
434
752
713
490
173
281
656
908
786
599
313
451
312
593
792
385
292
270
246
256
590
983
313
823
357
650
728
98
396
276
638
813
218
854
982
28
70
691
290
634
567
172
936
32
959
88
262
590
836
540
400
383
467
701
387
692
784
609
934
678
212
43
760
525
384
244
58
659
918
243
706
408
583
194
927
463
406
592
467
862
795
39
430
467
341
30
474
115
959
101
713
447
744
276
20
639
701
502
240
730
202
277
754
682
850
964
20
529
456
836
565
726
593
334
93
898
388
349
237
468
74
782
908
547
277
33
125
80
613
615
19
496
897
613
477
429
509
798
509
805
617
700
742
404
971
793
504
846
7
693
373
88
693
770
968
470
66
640
268
438
92
749
389
39
424
777
476
421
159
689
760
259
711
516
941
836
119
461
403
747
634
245
197
702
419
550
497
928
439
251
922
869
501
682
441
727
219
713
794
567
459
214
817
316
573
341
143
484
737
162
85
857
734
566
206
531
747
19
821
61
227
253
360
750
347
583
282
210
46
527
4
819
694
514
776
104
253
234
663
506
304
567
451
674
918
690
988
28
93
981
355
898
847
715
161
501
174
446
510
703
159
88
442
686
634
551
880
755
863
774
894
736
579
69
730
524
627
404
917
798
632
660
130
246
40
7
831
589
13
105
73
725
636
752
362
103
358
383
402
562
884
571
833
644
776
108
17
240
184
357
459
585
718
406
209
927
727
965
429
491
653
666
883
35
607
861
97
319
297
620
112
429
415
567
402
322
709
511
180
59
228
967
675
406
526
261
252
65
152
512
334
129
349
382
557
339
846
425
793
200
625
969
808
543
757
281
987
118
228
2
822
347
121
124
893
942
721
884
973
912
58
241
582
879
260
699
28
608
376
187
73
945
84
173
366
331
747
770
479
690
43
453
135
571
613
679
444
898
70
357
731
23
247
868
858
516
895
118
658
318
287
662
986
360
217
989
982
752
989
822
147
996
363
700
361
768
915
453
512
627
62
843
981
157
740
326
994
513
806
249
212
108
545
591
646
563
129
97
780
648
851
256
57
33
743
433
858
46
907
499
178
123
33
929
206
455
352
385
336
284
123
767
183
674
347
606
171
585
737
973
86
360
133
837
587
737
382
14
714
600
647
746
13
108
112
117
12
609
820
683
26
263
444
414
990
848
465
174
81
64
986
927
380
791
456
459
899
347
758
595
750
84
32
365
147
677
605
756
812
691
551
883
759
621
329
832
550
121
708
791
863
953
322
325
930
267
847
909
648
909
810
37
177
31
96
970
817
827
193
53
327
584
537
38
635
741
316
363
663
639
556
547
586
560
766
250
775
847
772
327
959
877
169
6
483
254
546
588
318
302
723
196
184
359
32
224
650
499
883
187
828
68
335
291
411
660
985
667
27
204
10
761
928
51
920
944
494
963
244
513
840
78
825
780
64
931
442
35
582
863
749
484
448
197
27
822
713
730
939
113
569
460
840
800
190
523
79
867
6
811
991
531
322
133
659
760
268
323
174
348
189
528
422
461
380
386
300
241
768
22
567
264
37
891
851
713
809
478
6
927
515
617
496
980
694
296
440
226
218
736
640
267
266
332
517
225
188
269
448
334
519
820
545
72
281
507
404
752
689
621
632
347
108
634
746
795
200
485
901
686
82
172
300
792
105
503
527
258
108
545
375
233
434
783
339
424
864
945
220
505
727
125
969
943
621
335
820
792
243
167
635
650
659
412
164
499
642
534
187
336
576
70
248
209
987
229
23
785
278
351
302
294
478
588
815
988
597
633
286
191
544
470
577
127
665
604
833
412
357
922
887
595
804
735
115
48
986
106
370
189
793
900
158
223
119
475
575
841
631
343
470
113
635
406
895
719
817
750
884
49
964
604
393
372
437
466
908
951
772
34
371
867
480
614
565
988
262
746
450
552
754
752
366
900
265
136
816
824
771
899
828
615
420
707
524
873
142
696
260
173
137
137
795
484
492
723
471
342
902
711
282
272
752
21
337
606
277
403
922
459
486
951
420
617
834
471
107
592
809
499
135
333
316
716
394
410
947
654
539
583
868
657
241
261
113
876
133
225
403
473
630
854
83
986
242
195
571
547
322
468
947
832
987
875
709
632
977
707
890
692
297
982
679
509
788
933
140
447
811
560
36
619
665
897
652
546
104
525
431
423
802
980
624
255
970
301
656
998
816
428
493
591
838
790
513
353
824
654
323
891
929
340
792
841
637
258
44
89
568
455
688
323
306
857
295
806
339
481
85
381
437
559
345
53
155
85
528
67
332
41
765
445
71
976
608
216
363
369
867
730
299
625
656
531
627
245
693
43
897
862
866
937
296
807
846
386
841
881
974
493
349
321
75
167
352
450
64
308
146
491
921
51
749
179
928
833
520
949
324
19
928
481
559
22
593
842
356
356
517
873
655
930
824
578
968
7
172
137
297
952
805
967
28
494
274
508
317
666
248
2
860
433
39
563
265
185
540
455
174
385
769
638
993
960
401
539
576
717
843
900
600
41
983
40
169
297
257
243
972
695
463
534
948
729
136
76
495
534
129
422
252
586
52
973
709
420
636
658
241
98
39
212
698
602
385
67
95
405
111
824
296
731
549
541
546
899
607
900
682
880
59
784
994
838
761
734
978
422
115
48
500
983
999
970
351
681
99
130
507
391
506
461
442
735
504
591
855
271
849
322
451
937
422
270
835
787
792
630
982
995
703
687
181
816
54
544
828
183
737
285
246
381
220
757
184
599
717
64
495
505
799
551
90
454
901
64
542
211
763
181
700
763
886
404
771
177
502
434
404
378
812
907
325
15
195
686
76
548
798
378
765
874
1000
659
78
71
390
23
984
125
129
38
614
183
676
331
64
964
394
388
197
342
946
520
944
982
605
344
773
577
488
277
170
926
642
268
699
557
44
862
375
927
769
76
436
360
897
177
552
867
166
282
886
659
840
314
222
404
118
658
325
325
914
435
3
438
743
92
437
282
414
999
505
181
954
594
945
92
927
808
984
686
234
696
332
766
987
125
755
162
953
908
576
607
745
124
982
787
488
965
580
938
555
110
119
833
347
447
192
62
938
597
678
392
374
36
127
710
99
549
129
955
510
885
256
662
495
414
177
924
409
28
543
778
694
286
935
635
485
917
150
180
710
899
39
529
261
481
381
377
798
347
705
749
869
866
824
438
846
874
12
778
888
727
493
175
495
626
661
775
919
150
423
462
29
140
480
559
611
306
422
487
225
60
262
198
766
268
835
786
302
39
705
32
894
717
827
391
860
879
199
409
202
627
474
196
544
275
857
337
900
359
106
55
413
481
844
716
871
432
781
244
623
588
92
848
486
446
596
939
239
674
418
900
633
353
446
737
349
706
504
2
608
356
136
422
220
616
636
355
276
369
140
863
188
393
56
28
383
813
237
542
51
123
989
987
295
273
288
98
29
474
933
938
872
522
934
419
271
877
114
138
558
571
203
621
674
8
596
928
229
133
170
284
754
269
411
414
832
939
364
194
744
684
487
516
1000
736
272
885
496
894
941
682
28
713
843
127
626
916
309
533
698
978
267
625
788
918
6
346
383
549
576
768
938
545
892
552
651
723
896
248
11
951
650
403
466
70
467
878
721
149
496
144
385
826
26
134
653
859
555
377
89
284
81
438
78
938
928
65
721
906
614
705
942
261
426
714
927
165
607
138
348
486
638
810
23
389
433
752
861
179
861
414
995
42
381
921
132
318
225
99
589
486
931
634
584
331
640
871
705
563
816
612
66
484
985
68
34
633
622
530
946
785
386
148
538
756
788
878
566
407
486
76
51
856
479
7
432
311
597
428
292
757
320
282
428
845
468
652
247
577
862
277
814
61
269
47
219
676
524
850
801
61
875
666
246
142
667
480
838
106
289
694
848
747
940
237
814
831
133
878
513
955
700
349
125
490
140
984
152
511
546
437
160
730
992
992
714
210
159
548
718
963
643
880
464
56
191
499
861
800
390
498
768
968
899
858
922
91
666
207
417
97
345
301
259
438
506
950
840
833
165
652
249
119
667
31
755
856
550
28
452
543
809
55
669
939
184
202
832
139
817
718
399
41
746
535
224
369
991
582
399
939
478
258
698
496
966
163
894
666
262
318
747
931
275
713
166
760
936
148
318
638
808
363
122
345
717
863
296
625
797
145
769
275
623
900
590
219
784
94
412
268
693
822
325
32
774
887
644
572
535
574
982
154
701
977
576
877
18
572
469
636
689
104
512
894
309
403
122
541
973
598
611
767
750
40
167
242
58
816
107
169
957
734
808
908
328
357
472
501
136
650
613
201
835
150
595
47
775
127
867
871
150
127
734
984
943
258
349
757
85
354
761
577
972
352
332
843
601
447
589
440
634
709
401
502
556
321
133
473
254
208
160
589
647
209
304
377
179
223
265
134
675
870
160
57
154
669
516
500
822
79
560
605
263
777
248
373
353
222
707
36
98
224
83
765
381
109
808
278
66
54
439
930
511
553
140
870
552
276
684
481
8
528
696
112
750
695
117
169
953
742
989
384
948
744
656
661
663
686
383
0
51
973
841
142
865
693
590
232
254
585
302
189
699
691
287
221
929
16
325
41
997
901
858
172
873
444
481
389
692
642
392
149
208
169
454
475
125
652
811
503
584
174
170
635
310
939
380
952
649
582
877
185
547
906
952
812
620
449
678
412
384
115
357
563
326
519
115
412
281
471
635
942
907
906
354
315
919
273
839
761
346
263
495
296
971
719
736
976
111
276
216
945
849
783
911
61
287
137
310
632
568
253
809
525
600
550
476
727
353
457
735
858
982
632
188
272
365
575
34
302
420
922
983
876
149
941
46
111
578
219
281
571
912
451
268
216
350
297
789
409
781
746
610
354
929
484
892
371
425
349
158
707
811
30
322
6
157
673
516
685
866
901
597
122
638
351
923
983
416
305
312
0
987
914
16
170
616
600
701
855
792
692
383
776
610
193
170
961
271
646
907
829
19
970
245
961
244
27
313
414
72
502
335
477
914
703
838
970
195
594
367
714
189
978
10
612
683
709
536
796
894
19
930
930
174
195
354
942
480
196
335
144
725
989
764
336
557
190
754
981
825
1
522
462
225
794
191
556
989
749
403
80
638
674
188
854
904
424
301
521
245
263
60
802
985
56
282
483
379
395
85
174
910
974
760
144
866
837
61
13
356
906
796
755
74
320
424
727
787
42
710
554
196
784
589
770
316
712
832
71
363
359
795
571
281
640
469
918
244
127
824
249
355
685
49
189
195
88
990
777
682
550
678
282
284
333
261
335
657
894
471
760
87
245
251
342
86
180
295
470
836
626
792
637
777
15
958
898
303
505
663
799
208
860
373
517
84
434
703
66
600
516
663
455
175
354
314
789
217
926
606
482
53
408
881
551
964
30
940
93
681
80
723
253
748
126
716
991
349
562
305
494
494
485
718
80
65
815
171
307
744
343
158
437
955
434
780
862
47
746
87
741
529
623
261
661
475
455
211
269
598
454
513
442
853
841
801
769
250
252
365
311
900
839
445
216
676
208
661
160
927
793
544
694
640
911
584
568
882
395
525
663
887
172
510
60
565
916
455
361
482
825
912
892
961
268
760
916
952
679
571
46
844
156
388
320
379
907
847
884
12
348
492
793
936
649
133
741
342
399
72
191
653
443
303
316
902
165
78
736
158
69
845
463
654
292
508
904
44
97
629
769
454
56
905
859
303
335
702
601
302
894
599
661
800
389
913
110
582
280
41
335
793
31
701
745
497
63
425
959
690
915
486
359
3
131
306
557
345
558
292
864
81
911
123
350
314
407
797
708
780
105
641
906
468
606
271
997
1000
188
89
500
646
67
159
60
678
666
64
22
509
4
107
110
662
370
73
802
737
153
621
501
538
25
341
748
299
360
288
464
527
213
126
449
410
693
588
619
381
804
503
602
886
565
293
220
554
163
565
537
811
309
200
393
287
615
255
883
152
732
430
203
396
672
100
496
256
390
310
133
766
998
18
84
357
594
784
993
528
844
800
678
244
211
971
280
926
146
187
814
567
56
380
320
998
647
478
426
547
384
601
255
428
430
447
914
80
783
257
15
390
855
223
985
897
912
533
627
134
153
130
874
867
712
199
315
443
104
372
877
449
474
150
161
840
13
23
90
650
361
194
658
906
310
505
322
874
25
381
598
363
142
371
483
251
303
210
258
707
399
633
12
485
552
66
135
837
589
663
959
989
766
495
471
156
143
526
330
351
60
233
157
522
862
172
820
79
59
906
936
897
55
226
878
381
584
19
107
787
351
365
870
7
987
938
568
338
556
581
32
155
570
691
881
662
161
39
591
248
175
83
837
508
420
88
164
384
374
155
606
284
114
398
412
796
599
635
763
440
732
654
30
245
405
841
43
968
977
384
963
262
159
704
427
779
962
223
254
451
306
624
830
408
531
5
370
395
514
231
121
614
295
912
270
650
262
923
844
946
311
524
207
128
977
753
299
122
108
804
411
975
221
712
898
918
365
8
297
660
789
475
669
98
563
550
563
458
530
434
481
920
470
461
353
468
730
554
314
262
140
672
417
663
899
273
597
606
825
514
786
177
646
186
736
187
783
787
124
650
973
491
768
667
589
655
235
123
481
233
582
306
629
854
352
966
833
234
901
889
557
332
677
548
284
360
903
862
888
60
571
766
73
283
855
575
288
469
147
188
580
652
222
494
304
863
500
508
418
486
441
626
339
956
941
3
184
427
699
157
629
624
154
399
803
599
918
456
568
328
458
576
384
597
471
896
128
77
855
728
352
41
46
55
880
448
826
101
872
308
104
608
260
446
35
632
232
279
270
326
888
903
234
875
52
56
868
189
630
776
763
591
49
642
978
871
326
34
689
48
440
501
528
837
889
760
790
802
956
392
738
46
433
992
914
976
484
625
80
342
409
245
59
295
30
580
256
960
451
346
386
535
15
879
401
862
180
563
521
818
354
655
510
94
641
342
686
933
915
609
629
220
792
978
688
436
93
125
562
194
867
869
572
509
381
77
432
954
796
609
639
158
57
547
985
243
811
821
426
828
909
385
505
486
714
241
222
280
37
359
631
41
723
569
49
441
821
685
716
977
307
132
668
721
312
349
890
173
519
401
121
504
697
319
572
756
35
427
242
165
493
927
764
820
98
236
677
16
215
81
28
688
978
768
778
217
178
941
916
590
452
11
545
435
669
525
549
783
979
411
695
583
328
99
261
18
353
286
916
744
577
222
705
935
685
9
808
807
197
125
872
812
16
551
205
33
914
441
467
747
43
962
775
907
199
692
790
481
537
224
397
781
681
19
1000
327
900
788
344
936
244
217
891
568
983
22
777
440
384
649
464
319
879
24
247
302
661
276
21
449
976
311
574
785
959
624
299
661
806
82
743
435
131
162
969
93
22
345
343
111
455
845
535
875
640
642
999
405
554
582
525
345
764
243
19
288
315
583
360
531
956
994
138
680
391
777
903
666
616
191
825
357
530
485
194
834
30
637
190
339
122
289
344
134
801
13
811
359
696
652
278
705
58
346
239
518
610
462
299
979
181
763
502
166
6
399
460
814
561
772
524
873
568
975
249
739
435
727
555
190
766
926
807
479
776
393
670
735
873
503
739
539
470
950
946
218
613
398
894
404
112
646
575
545
466
234
226
550
194
767
809
69
470
944
111
608
494
320
945
470
456
110
925
573
532
561
944
975
532
866
296
24
679
449
420
73
612
701
580
712
938
605
202
385
905
717
319
394
218
98
603
807
162
12
539
958
755
943
993
593
151
674
823
518
717
897
620
718
489
393
297
996
166
473
204
689
291
339
461
943
30
260
82
18
794
557
215
178
315
802
867
71
888
905
680
752
669
284
964
487
228
594
84
465
762
500
787
894
262
844
3
100
881
440
414
232
509
121
821
68
992
114
807
305
399
657
651
768
763
134
375
320
899
857
76
433
127
99
511
678
480
303
244
41
106
420
349
661
490
105
169
319
146
373
785
508
172
227
446
900
837
979
216
911
652
933
596
991
442
516
32
319
622
891
467
494
557
443
731
620
630
387
588
884
59
688
389
574
18
673
341
655
125
120
267
388
175
770
396
687
654
477
738
599
45
618
227
907
177
211
472
310
410
364
646
171
713
194
267
503
76
895
459
792
221
282
907
114
814
828
188
574
553
587
364
222
530
777
507
83
797
172
69
34
74
344
498
940
660
402
670
370
817
910
401
343
718
90
156
340
93
522
711
992
76
7
681
567
827
229
277
272
751
558
239
276
153
883
203
276
225
289
771
939
778
909
68
758
897
326
707
891
372
956
476
715
302
982
161
201
712
13
209
206
817
640
722
840
631
586
972
143
926
33
891
940
332
865
473
323
183
96
871
401
260
219
255
288
483
105
216
502
418
482
905
812
589
995
20
558
902
75
711
186
894
150
890
253
644
570
607
559
965
582
771
961
619
977
443
354
495
874
146
481
811
171
84
950
730
27
683
667
235
678
816
519
703
211
191
147
997
284
631
562
190
493
390
851
256
403
293
271
61
760
557
117
396
903
609
747
305
91
73
852
62
164
462
95
248
619
320
455
883
494
414
246
32
890
413
410
18
404
932
682
521
603
154
811
935
748
889
954
806
103
197
233
55
910
854
617
595
790
837
750
86
27
301
38
249
754
599
350
912
106
284
398
766
314
136
694
641
604
873
258
764
479
995
300
171
927
863
497
818
309
918
258
90
617
282
263
993
163
986
287
637
620
704
945
605
366
925
272
214
354
570
208
931
154
502
236
331
512
646
346
359
853
479
392
156
214
870
137
81
945
299
741
452
740
419
349
778
51
338
788
803
906
324
146
496
652
600
206
576
601
790
912
221
399
859
556
466
434
305
149
281
576
598
762
265
386
216
194
315
310
94
218
884
896
616
912
975
749
812
258
16
487
263
583
854
848
971
840
494
200
768
323
362
215
391
330
533
440
864
355
348
807
638
906
997
19
119
161
120
8
242
742
915
90
326
313
174
93
839
296
575
820
865
257
197
804
436
283
886
146
905
929
123
252
618
988
831
449
806
766
962
941
138
282
63
814
137
228
114
403
323
391
962
876
271
139
203
675
308
29
559
586
758
679
339
728
467
251
336
703
434
626
106
976
701
877
390
932
645
672
279
263
663
653
231
878
286
265
