0
0
0
0
2
2
2
2
3
3
3
3
3
3
3
3
3
4
4
4
4
5
5
5
5
5
5
5
5
6
6
6
6
6
6
6
7
7
7
7
7
7
7
7
8
8
9
9
9
9
9
9
9
9
10
10
10
10
10
10
11
11
11
11
12
12
12
12
12
13
13
13
13
13
13
13
13
13
13
14
14
14
15
15
15
16
16
16
16
17
17
17
18
18
18
18
19
19
19
19
19
19
19
20
20
21
21
21
22
22
22
22
22
23
23
24
24
24
25
25
25
25
25
26
26
26
26
27
27
27
27
27
27
27
27
28
28
28
28
28
28
28
28
28
28
28
29
29
29
29
30
30
30
30
30
30
30
31
31
31
31
31
32
32
32
32
32
32
32
33
33
33
33
33
34
34
34
34
34
34
34
35
35
35
35
35
35
36
36
36
36
36
37
37
37
37
38
38
38
38
38
38
39
39
39
39
39
39
39
39
39
40
41
41
41
41
41
41
42
42
42
43
43
43
43
43
43
43
43
43
44
44
44
45
45
46
46
46
46
46
46
46
46
46
46
47
47
47
47
47
47
48
48
48
48
49
49
49
49
49
50
50
51
51
51
51
51
51
52
52
52
52
53
53
53
54
54
54
54
55
55
55
56
56
56
56
57
57
57
58
58
58
58
58
58
59
59
59
59
59
59
60
60
60
60
60
60
60
61
61
61
61
61
61
62
62
62
62
62
62
63
63
63
63
64
64
64
64
64
64
65
66
66
66
66
66
66
67
67
67
67
67
67
67
67
68
68
68
68
68
69
69
69
69
69
69
70
70
70
70
70
71
71
71
71
71
71
71
71
71
72
72
72
72
72
73
73
73
73
74
74
74
75
75
75
75
75
76
76
76
76
76
76
76
77
77
77
78
78
78
78
78
79
79
79
79
79
80
80
80
80
80
80
80
81
81
81
81
81
81
82
82
82
82
82
82
82
83
83
83
83
83
83
83
84
84
84
84
84
84
84
84
84
84
84
84
84
85
85
85
85
86
86
86
86
86
87
87
87
87
88
88
88
89
89
89
89
89
89
89
90
90
90
90
90
90
90
90
91
91
92
92
93
93
94
94
94
94
94
95
95
96
96
96
97
97
97
97
97
97
97
98
98
99
99
99
99
99
99
99
100
101
102
102
103
103
103
103
103
103
104
104
104
104
105
105
106
106
106
106
106
106
106
107
107
107
107
107
107
107
107
107
108
108
108
108
108
110
110
110
110
111
111
111
111
111
111
111
111
112
112
112
113
113
113
113
114
114
114
115
115
115
116
116
117
117
117
118
118
118
118
119
120
120
120
120
120
121
121
121
121
121
121
121
121
121
122
122
122
122
122
122
123
123
123
123
123
124
124
124
124
124
124
124
125
125
125
125
125
125
125
125
125
126
126
126
126
127
127
127
127
127
128
129
129
129
129
130
130
130
130
130
130
131
131
132
132
132
132
133
133
133
133
133
133
133
134
134
135
135
135
135
136
136
136
136
136
136
136
136
137
137
137
137
137
138
138
138
138
138
138
139
139
139
140
140
140
140
140
140
140
140
140
141
141
142
142
142
142
142
143
143
143
143
143
144
144
144
144
144
145
145
145
145
145
146
146
146
146
146
146
146
146
146
147
147
147
147
147
147
147
147
148
148
149
149
149
149
149
149
149
150
150
150
150
150
150
151
151
151
151
151
152
152
152
152
152
152
152
153
153
153
153
153
153
154
154
154
154
154
154
155
155
155
155
155
155
156
156
156
156
156
156
156
157
157
157
157
158
158
158
158
158
159
159
159
159
160
160
160
161
161
161
161
161
162
162
162
162
162
162
162
163
163
163
163
163
164
164
165
165
165
165
165
165
165
166
166
166
166
167
167
167
168
168
168
168
169
169
169
169
169
169
169
169
170
170
170
171
171
171
171
171
171
171
171
171
171
171
172
172
172
172
172
172
173
173
173
173
173
173
174
174
174
174
174
174
175
175
175
175
175
175
176
176
177
177
177
177
177
178
178
178
178
178
179
179
179
179
180
180
180
180
180
180
181
181
181
181
181
181
181
181
181
182
182
182
183
183
183
184
184
184
185
185
185
185
185
185
185
186
186
186
186
187
187
187
187
187
187
188
188
188
188
188
188
188
190
190
190
190
190
190
190
190
190
190
191
191
191
192
192
192
193
193
193
193
193
194
194
194
194
195
195
195
195
195
196
196
196
196
196
196
196
197
197
197
198
198
199
200
200
200
200
201
202
202
202
202
202
202
202
202
203
203
203
203
203
203
203
203
203
204
204
204
204
204
204
204
204
204
205
205
205
205
205
206
206
206
207
207
207
207
208
208
208
208
208
208
209
209
209
209
209
209
209
209
210
210
210
210
210
211
211
211
211
211
212
212
212
212
213
213
214
214
214
215
215
215
215
216
216
216
216
216
216
216
217
217
217
217
217
217
218
218
218
218
218
218
218
218
219
219
219
219
219
219
219
219
220
220
220
221
221
221
221
221
221
222
222
222
222
222
222
222
222
223
223
224
224
224
224
224
224
224
224
224
224
224
225
225
225
225
226
226
226
226
226
226
226
227
227
227
227
227
227
227
227
228
228
228
229
229
230
230
230
231
231
231
232
232
232
232
233
233
233
233
233
233
233
234
234
234
234
234
234
235
235
236
236
236
236
237
237
238
238
238
239
239
239
240
240
240
241
241
241
241
241
241
241
241
241
241
241
241
242
243
243
243
243
243
243
243
243
243
243
243
243
244
244
244
244
244
245
245
245
246
246
246
246
247
247
247
247
247
247
247
247
247
248
248
248
248
248
248
248
249
249
249
249
249
249
249
250
250
250
250
250
251
251
251
251
251
251
251
251
252
252
252
252
252
253
253
253
253
254
254
254
254
254
255
255
255
255
255
255
256
256
256
256
256
256
256
257
257
257
258
258
258
259
259
260
260
260
260
260
260
261
261
261
262
262
262
262
262
262
262
263
263
264
264
264
265
265
265
265
265
266
266
267
267
267
267
267
267
267
268
268
268
268
268
268
268
269
269
269
270
270
270
270
270
270
270
270
271
271
271
271
272
272
272
272
272
273
273
273
274
274
274
274
274
274
274
275
275
275
275
275
276
276
276
276
276
276
276
276
277
277
277
278
278
278
278
278
279
279
279
279
279
279
280
280
280
280
281
281
281
281
281
281
282
282
282
282
282
282
282
282
282
283
283
283
283
283
283
283
284
284
284
284
284
284
284
285
285
285
285
286
286
286
286
286
286
286
287
287
287
287
288
288
288
288
288
289
289
289
289
289
289
289
289
289
289
290
290
290
290
290
290
291
291
291
291
291
292
292
292
293
294
294
294
294
294
294
294
295
295
295
295
295
296
296
296
296
297
297
297
297
297
297
298
298
298
299
299
299
300
300
300
300
300
301
301
301
301
301
302
302
302
302
302
302
302
302
303
303
303
303
303
303
303
303
304
304
304
304
305
305
305
305
305
305
306
306
306
307
307
307
307
307
308
308
308
308
308
308
309
309
309
309
309
309
310
310
310
310
310
310
310
310
310
311
311
311
311
311
311
312
312
312
312
312
312
312
312
312
312
313
313
313
314
314
314
314
314
314
315
315
315
315
315
315
315
316
316
316
316
316
317
317
317
317
317
317
317
318
319
319
319
319
319
319
319
319
320
320
321
321
321
321
322
322
322
322
322
323
323
323
323
323
323
324
324
324
324
324
324
325
325
325
325
325
325
326
326
326
326
326
326
327
327
327
327
327
327
327
328
328
329
329
330
330
330
330
330
331
331
332
332
333
333
333
333
333
334
334
334
334
334
335
335
335
335
335
335
335
335
335
336
336
337
337
337
337
337
337
337
338
338
338
339
339
340
340
340
340
341
341
341
341
341
341
341
341
342
342
342
342
342
342
342
342
342
342
342
342
343
343
344
344
344
345
345
345
345
345
345
346
346
346
346
346
346
346
346
346
346
347
347
347
347
347
348
349
349
349
349
349
350
350
350
351
351
351
351
352
352
352
353
353
353
353
353
353
354
354
354
354
354
354
354
354
354
355
355
355
355
355
355
356
356
356
356
356
357
357
359
359
359
359
359
359
359
359
359
360
360
360
360
360
361
361
361
361
361
361
362
362
362
363
363
363
363
364
364
365
365
365
365
365
366
366
366
366
366
367
367
367
368
369
369
370
370
370
370
371
371
371
371
371
371
372
372
372
372
373
373
373
373
373
374
374
374
374
374
374
375
375
375
375
376
376
376
376
377
377
377
377
377
378
378
378
379
379
379
380
380
380
380
381
381
381
381
381
381
381
381
381
381
381
381
382
382
382
382
382
383
383
383
383
383
383
383
384
384
384
384
385
385
385
385
385
385
386
386
386
386
387
387
387
388
388
388
388
389
389
389
389
389
389
389
389
389
390
390
390
390
390
391
391
391
391
391
392
392
392
392
393
393
393
393
394
394
394
394
394
395
395
395
395
396
396
396
396
397
397
398
398
398
398
398
398
399
399
399
399
399
400
400
400
401
401
401
401
401
401
402
402
402
402
403
403
403
403
403
403
403
404
404
404
404
404
404
404
405
405
405
405
405
405
405
406
406
406
406
406
406
406
406
406
407
407
407
407
407
407
408
408
408
408
408
409
409
410
410
410
410
410
410
411
411
411
411
411
411
411
411
412
412
412
412
413
413
413
413
413
413
413
414
414
414
415
415
416
416
416
417
417
417
418
418
418
418
419
419
419
419
419
420
420
420
420
421
421
421
421
421
422
422
422
422
422
422
422
422
423
423
423
423
424
424
424
424
424
424
424
424
425
425
425
426
426
426
426
426
426
427
427
427
428
428
428
428
429
429
430
430
430
430
431
431
432
432
432
432
432
432
433
433
433
433
433
433
434
434
434
434
434
434
434
434
435
435
435
436
436
436
436
436
436
437
437
437
437
437
438
438
438
438
439
439
439
440
440
440
440
440
441
441
441
441
442
442
442
443
443
443
443
443
444
444
444
444
444
444
444
445
445
445
445
445
446
446
446
446
446
447
447
447
448
448
448
448
448
449
449
449
449
449
449
449
449
449
450
450
450
450
451
451
451
451
451
451
451
451
451
451
451
452
452
453
453
453
453
453
453
453
454
454
454
454
454
455
455
455
455
455
455
455
455
455
455
456
456
456
456
456
456
456
456
457
457
457
457
457
457
458
458
458
458
458
459
459
459
459
459
459
459
460
460
460
460
461
461
461
461
461
461
462
462
462
463
463
463
464
465
465
465
465
466
466
466
466
466
467
467
467
467
467
467
467
468
468
468
468
468
468
468
469
469
469
469
469
470
470
470
470
470
470
470
470
470
470
471
471
471
471
472
472
472
472
472
472
473
473
473
473
473
473
474
474
474
474
474
475
475
475
475
475
475
475
475
475
475
476
476
476
476
476
476
477
477
477
477
477
478
478
478
478
478
478
479
479
479
479
479
479
479
479
480
480
480
480
480
480
481
481
481
481
481
481
481
481
481
481
482
482
482
482
483
483
484
484
484
485
485
485
485
486
486
486
487
487
487
487
487
487
488
488
489
489
489
490
490
490
490
490
491
491
491
491
491
491
492
492
493
493
493
493
493
494
494
494
494
494
495
495
495
495
495
495
495
495
495
496
496
496
496
496
496
496
497
497
497
497
498
498
498
498
499
499
499
499
499
499
499
499
499
500
500
500
500
501
501
501
501
501
501
502
502
502
502
503
503
503
503
503
504
504
505
505
505
505
505
505
506
506
506
506
506
507
507
507
507
508
508
508
508
508
509
509
509
509
509
510
510
510
510
510
510
510
511
511
511
511
511
512
512
512
512
512
512
512
512
512
512
513
513
514
514
514
514
515
515
515
515
515
516
516
516
517
517
517
517
518
518
519
519
519
519
519
519
519
519
519
519
520
520
521
521
521
521
522
522
522
522
523
524
524
524
524
524
525
525
525
525
525
525
525
525
525
525
525
526
527
527
528
528
528
528
528
528
529
529
530
530
530
530
531
531
531
531
531
532
532
532
532
533
533
533
533
533
534
534
535
535
535
535
536
536
536
536
536
536
536
536
536
536
537
537
537
538
538
539
539
539
539
539
539
539
540
540
540
540
540
541
541
541
541
541
541
541
541
542
543
544
544
544
544
545
545
545
545
545
545
545
545
545
545
546
546
546
546
546
546
547
547
547
547
547
547
547
548
548
548
549
549
549
550
550
550
550
550
550
551
551
551
551
551
551
551
552
552
552
552
552
552
553
553
553
553
553
554
554
554
554
554
555
555
555
556
556
556
556
556
557
557
557
557
557
558
559
559
559
559
559
559
559
559
560
560
560
560
560
560
561
561
561
562
562
562
562
562
562
562
562
562
563
563
563
563
563
563
564
565
565
565
565
565
566
567
567
567
567
567
568
568
568
568
568
568
568
569
569
569
569
569
569
569
570
570
570
570
570
570
571
571
571
571
571
571
572
572
572
572
572
573
573
573
573
573
574
574
574
574
574
574
574
575
575
575
575
575
575
575
576
576
576
576
576
576
576
577
577
577
577
577
577
578
578
578
578
578
579
579
579
579
580
580
580
580
581
581
581
581
581
581
582
582
582
582
582
582
582
583
583
583
583
583
584
584
584
584
584
585
585
585
585
586
586
586
586
586
586
586
586
587
588
588
588
588
588
588
588
588
589
589
589
589
590
590
590
590
590
590
590
590
590
590
591
591
591
591
591
591
591
592
592
592
592
592
592
592
593
593
594
594
594
594
594
595
595
595
595
596
596
597
597
597
597
597
597
597
598
598
598
598
598
598
599
599
599
599
599
599
599
599
599
600
600
600
600
601
601
601
601
602
602
602
603
603
603
603
603
604
604
604
605
605
606
606
606
606
606
607
607
607
607
607
608
608
609
609
609
610
610
610
611
611
611
611
611
611
611
611
611
611
611
612
612
612
613
613
613
613
614
614
614
614
615
615
615
615
615
616
616
616
616
617
617
617
617
617
617
618
618
618
619
619
619
619
619
619
619
619
620
620
620
620
620
620
620
621
621
621
621
621
621
621
622
622
622
622
622
622
622
623
623
623
623
623
624
624
624
624
624
624
625
625
625
625
625
625
625
626
626
627
627
627
627
627
629
629
629
629
629
630
630
630
630
630
630
631
631
631
632
632
632
632
632
632
632
632
632
633
633
633
633
634
634
634
634
634
634
634
635
635
635
635
635
635
635
636
636
636
636
636
636
636
636
637
637
637
637
637
637
637
638
638
638
638
638
638
639
639
639
639
640
640
640
640
640
641
641
641
641
641
641
641
642
642
642
643
644
644
644
645
645
645
645
645
645
646
646
646
646
646
647
647
648
648
648
649
650
650
650
650
650
651
651
651
651
651
652
652
652
652
652
652
652
653
653
653
653
653
654
654
654
654
654
654
655
655
655
655
655
656
656
657
657
657
657
657
657
657
658
658
658
658
658
658
658
658
658
658
659
659
659
659
659
659
659
659
660
660
660
660
660
660
661
661
661
661
661
661
661
662
662
663
663
663
663
663
663
663
664
664
664
664
665
666
666
666
666
666
666
666
666
666
666
666
666
667
667
668
668
668
668
669
669
669
670
670
670
670
670
671
671
671
671
672
672
672
672
672
672
672
672
672
673
673
673
674
674
674
674
674
674
675
675
675
675
676
676
676
676
676
676
677
677
677
678
678
678
678
679
679
679
679
679
679
680
680
680
681
681
681
681
682
682
682
682
682
682
683
683
683
683
683
683
684
684
684
684
684
684
684
685
685
685
686
686
686
686
687
687
687
687
688
688
688
689
689
689
689
689
689
689
690
690
691
691
691
691
691
691
691
692
692
692
692
692
693
693
693
693
693
693
694
694
694
695
695
695
695
695
696
696
696
697
697
698
698
698
698
698
699
699
699
699
699
700
700
700
701
701
701
701
701
702
702
703
703
703
703
703
704
704
704
704
705
705
705
705
705
705
705
705
706
706
707
707
707
707
708
708
708
708
709
709
709
709
709
709
709
710
710
710
710
711
711
711
711
711
712
712
712
712
712
712
712
712
713
713
713
713
713
713
713
713
714
714
714
715
715
715
715
715
716
716
716
716
717
717
717
717
717
717
717
717
718
718
718
718
718
718
718
718
719
719
719
721
721
721
722
722
723
723
723
723
723
724
724
725
725
725
725
725
726
726
726
727
727
727
727
727
727
728
728
728
729
729
729
730
730
730
730
730
730
730
730
730
731
731
732
733
733
733
733
733
733
733
734
734
734
735
735
735
735
735
735
736
736
736
736
736
736
737
737
737
737
737
737
737
738
738
738
738
738
738
739
739
739
739
740
740
740
740
740
741
741
741
741
741
742
743
743
743
744
744
744
744
744
745
745
745
745
745
745
746
746
746
746
746
746
746
746
746
746
747
747
747
747
747
747
747
748
748
748
748
749
749
749
749
749
749
749
750
750
750
750
751
751
751
751
751
752
752
752
752
752
752
752
752
752
752
752
753
753
753
753
753
753
754
754
754
755
755
755
755
755
756
756
757
757
758
758
758
758
758
758
758
758
759
759
760
760
760
760
760
760
760
760
760
760
760
760
760
760
761
761
761
762
762
763
764
764
764
765
765
765
765
765
765
765
766
766
766
766
766
766
766
766
766
766
767
767
767
767
767
767
767
767
768
768
768
768
769
769
769
769
769
769
770
770
770
770
770
771
772
772
772
772
772
773
773
773
773
774
774
774
774
774
774
775
775
775
775
775
776
776
776
776
777
777
777
777
777
777
777
777
778
778
778
779
779
780
780
780
780
780
780
781
781
781
781
782
783
783
783
783
783
784
784
784
784
784
784
784
784
784
784
784
785
785
785
785
785
785
786
786
786
786
786
786
786
787
787
787
787
787
788
788
788
788
789
789
789
789
789
789
789
790
790
790
790
790
790
791
791
792
792
792
792
793
793
793
793
793
794
794
794
794
794
794
794
794
794
794
794
795
795
795
796
796
796
796
796
796
797
797
797
797
797
797
797
798
798
799
799
799
799
799
800
800
800
800
800
800
800
801
801
802
802
802
802
802
802
802
802
803
803
803
803
803
803
803
804
804
804
804
804
805
805
805
805
805
806
806
806
806
807
807
807
807
807
807
808
808
808
808
808
809
809
809
809
809
809
810
810
810
810
810
811
811
811
811
811
811
811
811
812
812
812
812
812
812
812
813
813
814
814
814
816
816
816
816
817
817
817
817
817
818
818
818
819
819
820
820
820
820
820
821
821
821
821
821
821
821
822
822
822
822
822
822
822
822
822
823
823
823
823
823
824
824
824
824
824
824
824
824
825
825
825
825
825
825
826
826
826
826
826
827
827
827
828
828
828
828
828
828
829
829
829
830
830
830
830
831
831
831
831
831
832
832
832
832
832
832
833
833
834
834
835
835
835
835
835
835
835
836
836
836
836
836
836
836
836
836
837
837
837
837
838
838
838
838
839
839
839
839
839
839
839
839
839
839
840
840
840
840
840
841
841
841
841
842
842
842
842
842
842
842
843
843
843
843
844
844
844
844
844
844
845
845
845
845
846
846
846
846
846
846
846
847
847
847
847
847
847
847
848
848
848
848
848
848
849
849
849
850
850
850
850
851
851
851
851
851
851
853
853
853
853
853
853
854
854
854
854
854
854
854
855
855
856
856
856
856
857
857
857
857
857
857
858
858
858
858
858
858
858
858
858
858
859
859
860
860
860
860
861
861
861
861
861
861
861
861
861
862
862
862
862
862
862
862
862
862
863
863
863
864
865
865
865
866
866
866
866
866
866
866
867
867
867
867
867
867
867
867
868
868
868
868
868
868
868
869
869
869
869
869
869
869
869
870
870
870
870
871
871
871
871
871
872
872
872
872
873
873
873
873
873
873
873
874
874
874
874
874
875
876
876
876
876
877
877
877
877
877
877
877
877
877
877
877
878
878
878
878
879
879
879
879
879
879
879
880
880
880
881
881
881
881
881
881
881
881
881
882
882
882
882
882
883
883
883
883
884
884
884
884
884
884
885
885
886
886
886
886
886
886
886
887
887
887
887
887
887
887
888
888
888
888
888
888
889
889
889
889
890
890
890
890
890
890
891
891
891
891
891
891
891
891
892
893
893
894
894
894
894
894
894
894
894
894
895
895
895
895
896
896
896
896
897
897
897
897
898
898
898
899
899
899
900
900
900
900
900
900
901
901
901
901
901
901
901
902
902
902
902
902
903
903
903
903
905
905
906
906
906
906
906
906
906
906
907
907
907
907
907
907
907
907
908
908
908
908
908
908
908
908
908
908
909
909
909
909
910
910
910
910
911
911
911
911
911
911
912
912
912
912
912
912
912
913
914
914
914
914
914
914
914
915
915
916
916
916
916
916
916
916
917
917
917
917
917
917
918
918
918
918
918
918
918
918
919
919
920
920
920
921
922
922
922
922
922
922
922
922
922
922
923
923
923
923
923
923
923
924
924
924
924
924
924
925
925
925
925
925
925
925
926
926
927
927
927
927
927
928
928
928
928
928
928
928
928
928
929
929
929
929
930
930
931
931
931
931
931
931
932
932
932
932
932
933
933
933
933
933
934
934
934
935
935
935
935
935
935
935
936
936
936
936
936
936
936
936
937
937
937
937
937
938
938
938
939
939
939
939
939
939
940
941
941
941
942
942
942
942
942
942
943
943
943
944
944
944
944
944
945
945
945
945
945
946
946
946
946
946
947
947
947
947
948
949
949
949
949
950
950
950
950
950
951
951
951
951
952
952
952
952
952
953
953
953
953
954
954
955
955
955
955
955
956
956
956
956
956
956
957
957
957
957
957
958
958
958
958
958
958
958
958
958
959
959
959
959
960
960
960
960
960
960
960
961
961
961
961
961
961
961
962
962
962
962
963
963
963
963
963
964
964
964
964
964
964
964
964
965
965
965
965
965
966
966
966
967
967
967
967
967
967
968
968
969
969
969
970
970
970
970
970
971
971
971
972
972
972
973
973
973
974
974
974
974
974
975
975
975
975
975
976
976
976
976
976
976
976
977
977
977
977
977
977
978
978
978
978
978
978
979
979
979
979
979
980
980
980
980
981
981
981
982
982
982
982
983
983
983
983
983
983
983
984
984
984
985
985
985
986
986
986
986
986
986
986
987
987
987
987
987
988
988
988
988
989
989
989
989
989
989
989
990
990
990
991
991
992
992
992
992
993
993
993
993
993
993
993
994
994
994
994
994
994
994
994
994
995
995
995
996
996
996
996
997
997
997
997
997
997
997
997
998
998
998
998
999
999
999
999
999
1000
1000
1000
1000
1000
1000
1000
544
639
315
520
87
867
988
705
812
840
601
431
446
198
30
671
688
494
754
625
742
773
265
347
638
235
110
56
310
299
656
544
938
971
754
716
528
741
420
339
580
21
770
716
910
491
76
597
985
830
912
726
292
867
763
930
792
873
676
792
171
331
335
108
993
780
514
520
520
935
859
791
646
319
506
245
810
583
842
794
412
443
209
395
309
972
324
101
844
691
893
14
21
919
813
704
698
327
223
217
952
773
7
597
91
204
532
901
787
63
384
889
506
593
283
505
564
298
606
97
989
189
111
700
798
614
404
495
941
627
402
582
399
100
869
180
304
400
771
781
463
154
669
969
437
953
164
691
941
460
788
929
649
589
318
446
203
722
631
834
39
33
106
128
133
975
309
127
375
770
908
528
925
576
187
51
218
351
433
158
811
220
777
150
500
95
286
393
507
918
917
546
951
22
675
774
998
674
901
62
133
808
590
748
383
467
800
292
818
232
450
319
142
918
469
642
12
755
725
519
672
642
756
312
664
120
85
351
484
676
413
617
483
694
365
557
160
164
849
669
86
989
988
228
596
146
561
608
901
285
818
263
927
573
265
281
383
41
632
867
717
736
483
891
119
848
447
970
702
986
638
788
664
315
707
260
461
267
558
52
242
375
315
860
638
580
140
20
621
462
887
28
197
60
919
316
908
365
977
300
40
614
87
394
620
484
654
80
751
903
132
994
968
137
853
606
718
683
316
28
144
894
56
342
954
975
348
551
29
14
851
760
629
629
845
248
112
188
18
864
90
842
547
58
979
89
354
696
772
670
415
606
563
161
638
516
827
677
67
546
691
918
997
319
236
841
257
349
28
967
903
119
808
449
177
786
228
531
172
690
891
277
295
454
438
934
660
264
610
727
501
300
335
497
310
571
337
257
610
365
223
512
174
721
961
41
507
879
262
369
568
153
646
864
607
774
797
957
729
406
684
229
396
709
726
706
970
753
654
580
808
877
91
983
288
743
23
795
621
286
854
189
129
189
52
426
963
539
382
691
635
756
610
30
464
335
427
124
778
80
704
586
647
485
568
935
227
281
419
539
257
272
418
386
461
160
812
114
699
194
805
23
950
105
53
104
130
170
228
909
250
622
494
588
106
752
522
24
32
942
563
981
904
981
366
55
831
869
169
529
753
664
242
392
769
295
496
900
156
414
808
96
35
992
684
833
743
206
857
465
838
109
445
741
780
502
486
610
370
655
829
122
319
70
514
778
55
701
677
211
114
174
999
841
165
682
673
598
578
219
63
105
18
198
537
798
700
22
97
760
678
926
572
687
686
86
464
741
477
141
643
281
315
641
812
171
12
174
769
591
393
522
386
411
721
923
899
110
946
996
871
313
611
442
1000
296
218
463
37
385
294
370
667
300
10
168
471
22
343
239
303
426
762
690
838
482
302
426
282
247
422
843
250
723
976
249
19
193
403
747
269
387
116
626
687
817
794
157
839
136
397
833
563
158
212
90
330
514
516
302
452
628
145
702
41
120
642
60
3
735
807
272
121
613
898
809
429
382
966
267
518
52
790
771
901
1
551
921
206
758
223
658
385
368
49
426
488
381
176
181
115
673
454
237
285
41
736
714
423
701
672
632
444
151
92
344
153
644
265
49
401
488
707
476
546
446
593
724
828
769
905
633
442
48
870
417
90
295
822
203
997
493
525
130
644
618
474
487
261
429
536
662
917
933
137
152
69
730
876
897
189
781
529
321
519
89
738
609
384
559
503
70
742
27
200
76
335
365
563
596
794
790
948
401
412
776
553
481
195
429
377
384
900
597
705
418
376
133
718
450
382
220
521
124
938
411
200
273
776
453
559
260
933
507
661
345
282
213
826
477
332
894
552
231
180
947
340
556
770
57
5
152
968
216
967
595
628
857
868
93
1000
117
353
933
314
704
277
596
608
793
763
940
686
4
171
866
642
511
111
411
258
117
563
225
23
219
820
341
75
378
435
75
185
478
7
499
873
975
785
480
767
237
419
143
242
280
699
884
481
811
985
739
618
548
654
641
457
164
983
533
232
107
608
417
275
305
606
147
970
390
627
736
317
737
569
559
16
268
132
188
78
117
927
696
355
271
26
812
125
8
34
357
806
332
464
81
327
760
228
296
149
546
723
466
282
291
716
989
249
538
176
327
345
794
713
390
64
740
893
880
438
927
927
244
950
390
15
276
840
243
573
989
479
295
144
451
276
550
440
526
88
616
543
123
99
256
514
854
686
406
733
814
22
659
748
972
739
763
248
578
697
821
256
175
806
91
627
772
641
757
297
419
62
531
543
162
787
747
15
162
152
439
976
174
97
724
837
527
486
84
104
873
595
51
48
90
142
365
862
473
121
850
893
183
70
125
345
857
872
51
709
714
490
374
578
277
788
414
804
965
188
599
837
473
650
885
563
482
249
115
955
60
655
537
244
725
352
589
271
914
640
670
627
820
43
896
97
832
309
901
486
188
189
322
661
839
898
915
10
837
29
656
898
374
192
141
98
235
420
59
148
751
729
466
570
772
361
357
293
360
258
779
548
447
101
900
977
689
814
677
525
533
332
422
907
215
253
4
450
674
63
288
424
792
754
684
253
114
41
547
475
990
15
713
126
807
612
793
495
115
470
20
648
492
132
554
707
386
248
847
59
1
135
173
483
579
547
737
694
588
974
859
267
989
261
394
796
564
877
981
679
346
0
327
839
133
881
235
519
129
773
268
821
908
441
304
486
678
40
870
957
13
418
223
692
370
307
177
934
184
158
302
220
849
629
749
982
200
985
190
19
757
458
840
354
589
143
530
958
183
90
914
887
198
136
269
568
134
136
191
8
294
494
228
834
122
978
815
12
652
696
31
98
844
872
142
123
705
362
80
579
452
994
155
341
820
424
599
644
561
791
652
545
284
881
378
96
548
884
800
890
269
831
678
112
392
510
926
97
872
696
366
14
379
521
355
199
636
644
533
887
434
185
431
408
756
500
195
303
73
995
883
342
515
560
144
908
69
70
695
631
766
60
645
145
271
690
34
907
334
567
793
458
442
224
867
197
414
752
500
487
746
72
519
260
632
663
858
391
423
242
22
189
993
357
24
264
47
749
170
71
315
654
529
448
568
395
645
982
146
836
158
582
908
677
533
230
29
80
621
453
323
333
332
5
381
356
269
428
104
130
189
109
784
718
557
351
804
202
22
640
728
180
222
635
547
445
555
576
525
867
28
848
199
360
854
580
716
813
698
510
633
887
310
416
295
557
457
98
449
479
738
176
349
650
812
896
94
366
472
620
232
500
157
122
551
701
392
957
204
781
467
837
357
467
253
652
23
400
440
473
570
178
649
919
518
150
505
613
207
977
232
439
166
79
251
717
781
334
364
985
114
831
821
471
988
764
814
10
855
253
483
424
121
132
32
640
282
537
943
489
513
865
619
370
944
560
777
414
894
140
88
7
661
600
169
648
363
983
659
908
926
832
331
47
964
364
377
937
901
9
115
104
874
424
164
817
985
941
922
878
772
9
576
432
609
435
771
663
417
119
570
32
951
902
770
915
956
837
541
546
846
656
650
719
771
814
226
755
445
147
322
216
847
588
648
456
22
108
809
129
227
378
853
178
970
622
783
615
459
323
161
304
669
811
714
439
315
630
884
760
777
897
976
313
174
313
459
197
422
267
16
339
646
869
517
305
181
299
921
640
312
81
634
982
582
37
110
897
667
685
346
133
271
321
447
445
325
906
332
437
173
349
776
509
908
293
504
88
282
424
418
595
195
743
266
778
780
66
364
447
751
711
270
712
31
717
157
46
313
489
483
176
528
259
685
436
242
188
214
524
303
633
118
498
65
384
275
845
451
640
982
892
40
943
604
71
659
451
809
662
940
291
838
158
240
522
284
482
401
188
6
394
511
815
892
576
890
858
111
340
187
92
922
227
725
215
989
384
666
797
45
296
779
574
454
18
95
428
501
186
616
197
580
127
11
162
703
901
19
814
931
897
597
543
123
321
758
802
395
424
599
131
410
67
705
554
85
490
982
276
367
287
473
637
414
485
799
808
75
508
311
6
404
598
549
217
610
997
19
695
110
308
826
520
375
220
73
150
401
745
427
458
723
900
94
136
74
894
634
150
91
636
847
496
233
85
403
533
772
422
228
883
420
744
92
485
655
857
636
55
601
62
513
323
652
297
150
417
190
474
567
282
109
103
468
33
879
871
566
650
984
794
532
93
538
625
579
192
481
905
938
772
657
140
786
308
437
626
415
318
99
982
290
209
775
448
242
653
318
808
303
992
292
835
85
520
149
354
402
320
258
339
92
915
169
568
913
606
193
328
614
292
1000
904
191
775
41
123
117
360
622
420
41
914
946
817
123
785
170
525
105
428
554
888
32
723
455
636
18
338
654
323
320
343
917
512
808
959
635
926
8
947
35
49
550
981
867
673
456
36
197
561
155
751
138
878
163
593
203
873
931
857
195
250
891
802
452
698
760
778
623
768
724
349
818
274
19
374
947
475
410
835
35
255
275
864
824
129
456
26
692
76
574
577
17
464
378
159
161
138
937
475
906
351
514
413
315
533
787
952
8
888
476
734
833
752
598
656
571
744
683
262
511
256
839
528
410
216
377
261
354
4
736
951
355
249
363
360
473
841
311
481
418
478
905
250
229
502
907
800
937
589
61
447
535
900
665
635
806
41
896
160
45
322
801
90
261
854
140
734
694
142
905
111
620
810
362
539
1
959
338
938
237
89
384
772
679
739
96
484
781
992
334
516
3
134
297
265
989
127
689
682
269
594
484
889
93
536
427
94
494
455
32
731
234
106
192
913
846
288
397
316
970
421
522
974
556
509
929
544
637
617
916
906
901
89
485
994
625
602
88
118
748
811
849
982
607
731
895
142
18
982
458
989
402
671
652
648
179
580
882
816
196
488
412
97
577
587
781
893
188
869
701
936
369
550
608
977
971
502
118
990
173
267
668
265
938
319
914
807
899
485
313
785
973
415
572
240
1
353
132
880
912
833
506
281
72
113
948
43
305
756
723
478
22
390
433
650
399
346
457
297
522
460
772
494
875
344
734
876
387
556
445
989
389
951
269
151
754
907
194
58
663
917
226
375
997
660
25
395
696
172
382
217
632
154
712
196
188
135
71
265
692
206
253
771
157
213
922
911
119
807
970
472
413
886
848
410
545
563
495
241
735
878
148
56
722
550
252
600
686
13
865
67
219
117
838
66
20
449
978
831
255
637
302
669
212
840
769
758
402
263
689
827
140
837
573
552
387
515
151
763
218
15
830
438
824
357
194
534
806
171
364
61
498
357
420
711
196
188
158
289
451
537
806
282
373
69
524
450
584
676
903
803
381
732
931
895
779
124
429
585
987
793
336
174
840
756
575
727
944
423
15
84
960
511
56
23
580
581
473
855
256
376
347
327
798
277
222
577
91
651
161
77
133
187
943
974
943
517
390
576
941
405
350
900
606
407
613
877
678
86
421
624
152
768
951
950
735
863
216
826
513
67
594
337
254
536
0
196
743
390
462
373
485
813
964
781
910
576
657
587
662
77
210
504
845
851
454
269
714
360
95
917
428
689
253
682
915
944
569
347
333
30
721
508
533
684
289
442
259
946
28
612
714
929
115
248
470
259
518
183
620
613
99
47
992
43
419
596
987
988
943
10
18
663
518
551
36
807
994
987
443
712
598
156
331
403
404
801
353
612
674
663
915
463
710
596
506
819
191
183
807
825
193
825
487
401
65
214
899
749
200
341
151
798
187
482
891
281
973
243
894
646
906
808
108
305
404
305
124
595
488
931
109
371
445
287
462
510
501
360
950
701
391
100
188
578
582
769
860
244
12
753
890
608
250
688
914
654
993
728
940
170
348
48
231
793
335
694
993
526
744
942
226
135
41
104
713
313
874
262
557
886
14
446
183
265
825
96
609
817
514
548
678
862
287
909
344
312
292
337
839
36
969
755
171
10
860
574
13
733
837
571
308
541
707
491
496
531
278
105
38
792
343
406
344
320
4
688
633
297
715
471
333
684
225
194
384
775
768
397
507
294
658
505
836
365
687
331
586
965
436
314
446
470
410
790
790
415
168
422
712
883
583
735
566
809
929
950
583
386
37
781
681
695
285
516
750
662
847
26
626
974
30
763
443
441
242
232
856
410
655
257
293
928
992
549
736
920
189
9
305
226
480
676
921
455
191
361
117
729
387
433
702
417
195
144
858
128
66
403
538
411
660
521
339
651
761
765
260
950
774
256
175
944
932
786
399
814
837
516
542
223
949
243
331
835
77
188
963
834
282
190
245
942
402
274
283
162
38
543
111
503
489
977
446
111
452
535
925
289
50
466
202
690
399
533
524
166
412
176
1000
694
366
935
325
458
899
608
620
628
842
421
130
330
87
266
441
540
802
365
519
852
521
411
231
920
945
445
776
46
621
466
430
678
90
755
135
990
363
756
617
204
867
437
534
955
703
666
184
194
30
393
737
242
804
968
161
438
413
628
174
33
93
604
401
874
359
537
553
722
983
169
616
849
296
149
493
1000
505
367
193
536
760
620
778
254
588
629
692
0
947
557
724
730
160
816
604
519
352
156
931
24
16
546
563
312
386
56
1
891
423
886
426
874
505
894
127
92
213
509
783
159
65
197
890
226
12
493
435
54
339
366
769
355
912
331
668
297
77
359
188
191
244
304
64
750
889
191
532
101
390
315
260
146
202
149
372
905
332
497
959
672
863
727
717
465
748
74
762
826
434
640
16
678
945
80
117
523
962
650
624
41
655
884
187
857
724
249
761
746
747
409
107
609
826
515
764
573
589
526
398
22
856
414
391
490
184
508
12
836
848
636
878
192
210
64
48
624
314
499
369
60
598
167
359
423
682
123
687
270
339
84
984
194
189
64
375
63
262
387
900
110
23
777
302
924
841
41
547
845
230
606
595
519
773
955
632
144
768
318
105
106
93
88
991
973
152
365
35
414
443
625
214
156
91
207
79
623
939
316
467
168
922
62
687
385
707
9
219
474
327
324
270
420
412
951
82
254
316
118
359
449
433
573
605
525
780
684
147
718
1000
614
577
611
366
954
686
72
963
906
236
981
229
506
90
332
457
173
586
463
982
635
912
414
208
206
939
678
890
85
86
579
390
353
189
756
997
876
829
650
471
64
630
700
261
720
722
408
893
999
561
874
633
162
979
531
368
917
209
257
693
986
526
82
28
715
528
24
280
46
674
751
111
994
141
62
714
863
470
296
861
721
861
184
883
839
715
250
445
614
197
137
599
723
910
317
127
438
32
98
174
706
849
285
700
680
37
103
233
197
399
784
918
259
968
800
788
683
740
233
296
937
60
586
349
661
903
477
98
625
575
963
331
113
248
721
484
976
824
717
173
913
190
90
172
158
581
650
841
320
883
827
948
944
412
987
604
5
153
392
630
728
354
651
532
292
61
706
268
885
112
131
488
302
221
350
460
802
1000
991
122
883
508
760
516
610
746
810
615
900
892
936
317
936
276
539
228
338
244
186
913
356
317
90
349
228
440
499
30
440
490
843
322
998
292
528
607
37
337
913
627
919
538
945
854
504
173
772
532
418
958
135
464
965
225
503
884
666
2
914
105
182
446
117
870
428
335
166
465
362
78
783
280
306
727
133
501
900
906
32
7
553
167
162
208
83
665
91
749
357
695
544
539
140
661
408
568
996
575
723
47
343
505
327
340
922
460
841
512
55
563
519
299
731
371
507
814
727
598
252
83
292
796
623
122
146
721
380
832
295
102
879
329
298
205
669
219
355
509
731
411
762
941
710
182
1
907
686
728
504
938
812
486
733
124
608
879
845
988
710
140
780
278
159
77
483
828
988
839
26
718
940
788
348
339
971
350
245
656
77
749
284
579
234
707
703
532
586
548
519
986
378
298
264
537
66
437
54
53
275
80
461
905
558
810
243
218
850
488
875
927
927
849
196
851
555
899
382
831
136
591
817
204
580
771
741
646
898
485
389
864
565
850
768
814
349
702
31
198
880
596
816
807
444
11
347
1000
600
420
830
737
701
336
941
280
797
372
616
695
857
4
558
112
545
325
926
894
717
957
783
597
553
598
93
997
609
130
996
208
550
516
635
251
852
576
221
649
638
838
343
494
532
591
606
76
606
531
661
323
178
443
920
731
40
12
417
339
142
103
237
383
619
873
324
160
138
545
809
776
382
842
269
605
432
566
681
38
787
341
51
965
474
971
385
514
673
493
543
505
596
781
578
905
653
902
64
481
447
564
256
519
95
215
123
218
471
805
947
258
836
998
222
310
968
298
514
330
791
57
525
386
838
103
981
180
4
735
661
451
989
607
971
84
512
93
302
984
588
939
241
114
936
153
424
593
451
628
923
932
685
447
7
522
550
988
392
245
413
743
696
401
349
356
485
862
140
477
535
418
415
776
532
40
619
646
633
761
274
245
692
959
693
700
171
933
377
563
868
790
306
254
191
345
610
366
897
440
534
431
859
639
897
390
680
516
36
2
276
310
248
658
959
631
47
129
253
425
383
121
905
379
375
786
724
675
152
621
115
376
742
664
14
639
744
384
845
780
387
811
780
635
468
429
956
516
558
208
631
941
329
225
319
394
11
734
760
854
44
875
229
786
228
934
114
972
318
959
442
705
769
912
29
928
340
985
133
899
883
454
529
903
679
539
296
380
272
55
233
6
620
152
792
848
777
907
510
94
555
952
489
14
553
208
942
894
883
74
482
765
218
10
667
897
239
964
277
201
709
200
207
19
43
1000
867
820
596
66
604
841
708
92
855
261
991
486
154
873
250
636
637
468
336
304
365
266
958
332
467
356
222
675
375
956
674
933
775
960
999
68
800
707
160
345
968
841
831
812
713
81
137
350
239
163
344
604
429
301
626
897
657
539
571
723
494
935
655
269
584
653
27
73
49
188
418
707
719
940
518
432
711
345
782
950
509
125
244
628
116
560
524
463
98
785
185
593
409
840
552
993
183
579
66
232
457
174
940
176
113
147
608
824
493
79
464
692
895
708
319
701
267
534
163
366
318
39
649
728
569
200
410
752
469
476
985
927
651
614
793
454
451
400
969
944
169
432
325
63
830
335
764
96
869
617
152
877
656
801
294
225
691
705
667
851
871
341
777
521
955
259
666
406
349
634
39
518
756
55
271
585
390
34
681
258
341
524
134
688
14
119
603
396
824
269
246
694
611
713
906
255
972
571
351
320
895
391
528
650
446
799
234
526
523
605
784
864
128
608
241
143
727
844
229
550
804
475
935
414
878
840
359
849
100
711
859
995
792
386
644
928
184
878
453
707
482
927
260
301
534
502
134
952
345
363
191
148
838
125
252
405
655
302
253
755
12
802
749
494
187
392
111
61
960
254
768
442
180
27
433
404
529
567
355
565
930
237
403
457
362
656
862
17
648
805
772
350
606
211
844
793
293
645
854
253
899
311
385
769
28
818
172
248
384
218
813
3
145
906
460
507
251
11
214
899
816
987
248
421
888
782
904
180
426
447
433
324
448
508
783
476
15
646
414
399
554
226
92
699
823
552
205
73
563
420
973
68
96
911
179
674
693
773
854
118
219
978
133
357
485
916
524
501
251
938
590
805
855
683
503
677
925
399
440
178
509
412
246
605
13
426
278
706
198
822
514
108
799
647
465
975
253
679
165
504
617
755
309
471
127
502
838
52
901
277
230
409
380
166
13
393
592
982
98
481
804
612
589
292
950
744
266
893
423
431
396
730
877
395
200
3
898
37
746
798
4
666
207
384
833
911
777
114
583
565
595
76
868
874
368
817
308
325
709
421
446
795
150
322
190
40
16
87
768
452
885
772
809
782
156
641
383
623
445
966
188
40
41
55
604
99
562
912
114
961
332
561
755
172
573
945
212
279
722
980
732
297
442
540
78
598
871
461
220
5
116
98
736
157
844
340
948
405
942
61
365
965
312
811
136
886
755
349
855
167
18
586
464
460
816
232
748
376
384
659
382
500
757
117
348
601
147
295
696
89
46
752
53
359
562
189
935
6
228
789
173
938
65
637
397
571
560
145
948
944
494
19
443
250
827
791
541
975
776
928
754
513
679
807
872
240
686
496
246
605
284
420
542
349
747
629
611
306
464
558
940
958
267
383
899
93
864
129
758
330
56
511
843
735
7
404
975
384
900
912
989
183
21
220
223
458
849
834
455
3
81
394
961
38
777
549
822
331
679
580
661
735
781
503
160
479
597
825
863
496
736
851
369
447
761
282
906
609
806
360
302
577
754
263
615
221
502
437
242
180
707
903
606
177
95
766
656
692
280
518
878
707
58
246
153
819
529
749
118
334
108
420
912
553
373
216
464
876
343
396
746
740
298
41
918
83
497
573
465
778
782
342
484
530
588
637
349
807
76
157
832
875
267
433
427
331
649
581
897
683
977
642
422
965
374
339
738
871
603
202
648
74
544
131
604
823
459
643
319
535
800
150
409
758
273
527
88
613
798
675
295
465
6
717
119
380
747
858
251
39
750
899
113
985
721
717
497
179
360
816
404
850
657
503
297
930
720
75
542
518
750
837
673
757
244
792
136
991
339
387
29
89
977
833
73
697
549
260
566
599
75
970
139
732
162
436
352
883
202
894
90
952
421
763
708
665
244
535
345
584
922
64
363
898
897
126
284
135
386
850
735
151
509
564
574
672
690
926
244
892
509
24
844
930
787
241
284
721
776
319
995
388
383
357
976
279
173
260
415
559
800
840
401
309
403
975
671
783
900
605
675
408
629
208
28
105
449
2
516
225
322
511
303
395
558
278
675
732
228
780
981
28
309
381
27
712
45
388
494
945
993
859
43
311
66
71
416
516
764
622
431
85
132
424
481
381
702
846
112
931
315
783
959
624
855
676
25
900
63
209
535
55
68
578
366
825
339
472
30
793
93
151
569
917
575
740
297
277
585
99
898
590
572
546
213
426
221
929
16
284
137
241
339
896
819
395
721
848
557
441
640
340
593
208
947
167
638
243
134
222
32
31
502
605
577
405
721
798
333
737
81
161
978
110
747
486
195
157
23
442
599
354
473
191
252
419
48
891
353
183
803
385
214
305
990
792
710
711
279
734
137
361
895
806
161
641
982
47
799
5
489
397
359
962
278
301
381
326
191
734
509
995
809
414
299
799
205
699
199
174
432
336
225
326
832
387
658
814
434
456
819
613
543
868
575
821
168
646
146
50
69
346
44
878
760
33
366
655
422
565
829
545
592
54
871
423
131
218
927
565
364
435
177
907
993
442
417
852
87
564
902
847
600
636
725
359
359
781
704
781
346
532
325
628
