1
4
5
6
16
18
19
19
19
24
24
25
26
29
36
39
40
41
42
45
49
51
51
51
52
54
56
57
59
64
65
66
70
70
71
72
73
78
78
88
89
91
92
95
95
100
103
103
104
104
105
105
106
108
109
110
113
114
114
114
114
115
119
120
122
124
124
126
134
136
138
138
140
142
144
153
154
155
156
157
158
159
161
162
165
165
166
172
175
176
176
178
181
183
184
184
185
189
193
194
196
196
196
197
198
200
205
206
206
207
209
209
214
214
215
216
217
217
218
219
219
219
220
225
228
228
228
230
231
233
238
241
241
243
248
249
249
251
252
253
254
255
255
256
259
260
260
261
262
263
264
267
267
269
272
277
280
284
287
287
292
293
294
297
298
299
300
304
304
306
306
309
312
313
315
318
320
328
328
329
336
338
341
341
346
352
355
356
357
364
364
364
365
369
370
373
378
380
380
380
384
385
387
390
391
392
392
394
395
397
398
398
400
400
402
411
412
413
416
417
417
418
418
418
421
422
424
425
427
428
431
431
444
445
456
458
459
463
464
464
466
467
470
470
471
472
472
473
481
486
491
494
494
495
495
496
498
501
505
507
509
510
512
515
516
517
520
521
522
523
523
525
525
527
527
527
529
530
531
532
535
535
536
537
537
540
543
550
553
559
561
561
562
562
563
565
565
569
570
572
574
575
577
577
577
580
582
583
587
588
590
591
591
592
595
597
599
601
601
603
605
606
607
618
618
619
623
625
626
636
637
639
641
641
644
646
646
648
649
653
653
657
659
659
660
662
663
667
672
673
674
677
678
679
681
687
688
690
690
692
696
700
702
702
703
707
710
710
712
712
717
724
724
725
728
729
730
730
735
735
737
738
739
743
744
745
751
752
755
760
760
763
765
765
766
769
779
779
780
782
782
784
785
787
788
788
791
793
795
796
802
809
812
812
814
816
817
819
820
822
823
824
825
826
828
828
829
830
832
835
840
840
848
849
850
851
856
857
860
860
864
869
872
872
872
874
877
884
885
887
887
895
896
897
898
898
900
900
900
900
901
901
901
905
906
908
908
909
913
916
920
923
925
927
930
932
933
938
943
950
954
956
959
965
965
969
969
971
972
976
979
981
985
985
987
992
992
995
996
997
868
536
610
118
642
9
946
958
873
931
878
549
646
733
20
180
775
547
11
771
287
103
594
135
411
406
492
989
375
201
817
933
427
116
51
69
125
687
717
688
307
594
927
643
17
638
823
482
184
525
943
161
318
226
296
419
632
478
97
697
370
915
320
797
30
371
556
847
748
272
224
746
557
151
388
264
789
211
746
663
426
688
825
744
914
811
853
235
980
951
933
349
865
252
836
585
313
392
431
751
354
656
496
601
497
885
865
976
786
300
638
211
678
152
645
281
654
187
517
633
137
139
672
692
81
507
968
84
589
398
835
944
744
331
234
931
906
99
906
691
89
234
592
768
386
927
48
730
113
255
362
942
394
33
323
165
231
290
249
820
379
775
763
813
796
688
744
701
787
339
81
566
573
363
333
650
980
382
379
783
327
432
724
722
155
47
577
386
27
827
206
406
601
659
219
86
346
963
787
823
301
558
389
565
921
412
214
590
484
283
372
812
715
787
533
871
524
109
947
551
626
843
958
917
502
176
2
538
829
479
51
820
36
130
384
647
542
288
236
26
572
609
838
977
395
60
537
919
860
484
159
486
326
116
92
518
983
95
747
501
264
798
321
301
928
395
948
469
374
875
185
636
173
22
612
568
82
149
176
633
323
335
118
339
142
901
858
124
686
604
626
951
91
637
251
709
722
889
177
95
453
363
731
626
75
33
193
849
182
59
481
505
395
289
844
537
189
391
351
876
685
667
826
466
994
767
174
716
345
352
501
799
405
923
424
480
956
308
18
828
367
499
22
452
788
556
679
978
638
30
543
322
697
368
789
691
825
653
96
169
4
287
968
99
209
392
270
855
700
288
682
757
788
394
209
265
951
888
242
588
918
785
600
305
843
78
686
667
732
472
837
426
759
494
216
969
886
486
513
275
464
886
32
942
279
932
207
920
819
449
197
427
925
798
422
457
566
107
124
988
579
651
414
337
144
320
996
721
806
509
686
960
394
408
902
363
339
108
283
849
247
480
275
862
968
697
319
224
494
133
211
763
784
315
99
618
635
786
28
130
985
715
90
68
122
992
431
152
99
404
0
36
575
275
899
542
662
217
456
846
350
668
608
824
673
707
131
308
182
160
438
166
565
218
234
377
209
356
529
999
