418 793 522 745 59 561 644 532 255 57 108 413 51 284 364 300 
597 646 712 470 42 730 231 459 932 569 829 138 565 766 466 673 
559 678 417 618 930 751 840 184 809 639 287 550 923 341 851 209 
987 252 370 29 672 601 178 603 860 6 431 114 463 588 788 712 
956 895 19 575 336 860 760 835 498 737 384 110 78 925 320 755 
176 690 784 848 981 653 140 840 659 262 954 812 850 431 523 495 
16 233 70 352 92 520 877 280 256 260 390 24 185 400 780 51 
89 253 900 760 906 730 599 565 992 243 66 531 364 590 26 380 
823 787 422 605 306 298 885 562 249 965 277 124 365 56 175 144 
309 765 595 215 495 884 470 176 126 536 398 181 816 114 251 328 
901 674 933 206 662 507 458 601 162 735 725 217 481 591 51 791 
355 646 696 540 530 165 717 346 391 114 527 898 228 779 225 819 
142 849 24 494 45 172 95 207 908 510 424 78 100 166 869 456 
812 254 996 341 109 402 688 501 206 905 398 124 373 313 943 515 
161 657 700 898 830 795 104 427 995 219 505 95 385 64 241 196 
318 927 228 428 329 606 619 535 200 707 660 574 19 292 88 872 

950 788 769 779 272 563 896 267 782 400 52 857 154 293 744 473 
219 972 591 238 267 209 464 467 916 814 40 625 105 820 496 54 
297 264 523 570 828 418 527 299 509 269 156 663 562 900 826 471 
561 416 710 828 315 864 985 230 677 25 856 782 535 41 527 832 
306 49 91 824 158 618 122 357 887 969 710 138 868 536 610 118 
642 9 946 958 873 931 878 549 646 733 20 180 775 547 11 771 
287 103 594 135 411 406 492 989 375 201 817 933 427 116 51 69 
125 687 717 688 307 594 927 643 17 638 823 482 184 525 943 161 
318 226 296 419 632 478 97 697 370 915 320 797 30 371 556 847 
748 272 224 746 557 151 388 264 789 211 746 663 426 688 825 744 
914 811 853 235 980 951 933 349 865 252 836 585 313 392 431 751 
354 656 496 601 497 885 865 976 786 300 638 211 678 152 645 281 
654 187 517 633 137 139 672 692 81 507 968 84 589 398 835 944 
744 331 234 931 906 99 906 691 89 234 592 768 386 927 48 730 
113 255 362 942 394 33 323 165 231 290 249 820 379 775 763 813 
796 688 744 701 787 339 81 566 573 363 333 650 980 382 379 783 
