872 900 189 65 113 260 985 228 537 217 735 785 445 636 214 196 
690 553 822 392 687 425 763 216 73 525 412 155 263 205 965 825 
105 153 580 218 103 255 136 641 472 872 115 607 197 19 494 577 
572 5 659 259 120 421 165 194 637 577 39 900 472 4 724 577 
157 304 486 261 249 312 592 411 874 397 18 70 417 512 338 679 
517 997 938 328 418 793 522 745 59 561 644 532 255 57 108 413 
51 284 364 300 597 646 712 470 42 730 231 459 932 569 829 138 
565 766 466 673 559 678 417 618 930 751 840 184 809 639 287 550 
923 341 851 209 987 252 370 29 672 601 178 603 860 6 431 114 
463 588 788 712 956 895 19 575 336 860 760 835 498 737 384 110 
78 925 320 755 176 690 784 848 981 653 140 840 659 262 954 812 
850 431 523 495 16 233 70 352 92 520 877 280 256 260 390 24 
185 400 780 51 89 253 900 760 906 730 599 565 992 243 66 531 
364 590 26 380 823 787 422 605 306 298 885 562 249 965 277 124 
365 56 175 144 309 765 595 215 495 884 470 176 126 536 398 181 
816 114 251 328 901 674 933 206 662 507 458 601 162 735 725 217 

872 900 189 65 113 260 985 228 537 217 735 785 445 636 214 196 
690 553 822 392 687 425 763 216 73 525 412 155 263 205 965 825 
105 153 580 218 103 255 136 641 472 872 115 607 197 19 494 577 
572 5 659 259 120 421 165 194 637 577 39 900 472 4 724 577 
157 304 486 261 249 312 592 411 874 397 18 70 417 512 338 679 
517 997 938 328 418 793 522 745 59 561 644 532 255 57 108 413 
51 284 364 300 597 646 712 470 42 730 231 459 932 569 829 138 
565 766 466 673 559 678 417 618 930 751 840 184 809 639 287 550 
923 341 851 209 987 252 370 29 672 601 178 603 860 6 431 114 
463 588 788 712 956 895 19 575 336 860 760 835 498 737 384 110 
78 925 320 755 176 690 784 848 981 653 140 840 659 262 954 812 
850 431 523 495 16 233 70 352 92 520 877 280 256 260 390 24 
185 400 780 51 89 253 900 760 906 730 599 565 992 243 66 531 
364 590 26 380 823 787 422 605 306 298 885 562 249 965 277 124 
365 56 175 144 309 765 595 215 495 884 470 176 126 536 398 181 
816 114 251 328 901 674 933 206 662 507 458 601 162 735 725 217 
