241 294 159 198 653 369 418 692 
36 901 516 623 703 971 304 394 
491 525 464 219 183 648 796 287 
979 395 356 702 667 743 976 908 
728 134 106 380 193 214 71 920 
114 587 543 817 248 537 901 739 
752 364 649 626 702 444 913 681 
529 959 72 196 392 738 103 119 

241 294 159 198 653 369 418 692 
36 901 516 623 703 971 304 394 
491 525 464 219 183 648 796 287 
979 395 356 702 667 743 976 908 
728 134 106 380 193 214 71 920 
114 587 543 817 248 537 901 739 
752 364 649 626 702 444 913 681 
529 959 72 196 392 738 103 119 
