183 648 796 287 979 395 356 702 
667 743 976 908 728 134 106 380 
193 214 71 920 114 587 543 817 
248 537 901 739 752 364 649 626 
702 444 913 681 529 959 72 196 
392 738 103 119 872 900 189 65 
113 260 985 228 537 217 735 785 
445 636 214 196 690 553 822 392 

687 425 763 216 73 525 412 155 
263 205 965 825 105 153 580 218 
103 255 136 641 472 872 115 607 
197 19 494 577 572 5 659 259 
120 421 165 194 637 577 39 900 
472 4 724 577 157 304 486 261 
249 312 592 411 874 397 18 70 
417 512 338 679 517 997 938 328 
