327 432 724 722 155 47 577 386 27 827 206 406 601 659 219 86 346 963 787 823 301 558 389 565 921 412 214 590 484 283 372 812 
715 787 533 871 524 109 947 551 626 843 958 917 502 176 2 538 829 479 51 820 36 130 384 647 542 288 236 26 572 609 838 977 
395 60 537 919 860 484 159 486 326 116 92 518 983 95 747 501 264 798 321 301 928 395 948 469 374 875 185 636 173 22 612 568 
82 149 176 633 323 335 118 339 142 901 858 124 686 604 626 951 91 637 251 709 722 889 177 95 453 363 731 626 75 33 193 849 
182 59 481 505 395 289 844 537 189 391 351 876 685 667 826 466 994 767 174 716 345 352 501 799 405 923 424 480 956 308 18 828 
367 499 22 452 788 556 679 978 638 30 543 322 697 368 789 691 825 653 96 169 4 287 968 99 209 392 270 855 700 288 682 757 
788 394 209 265 951 888 242 588 918 785 600 305 843 78 686 667 732 472 837 426 759 494 216 969 886 486 513 275 464 886 32 942 
279 932 207 920 819 449 197 427 925 798 422 457 566 107 124 988 579 651 414 337 144 320 996 721 806 509 686 960 394 408 902 363 
339 108 283 849 247 480 275 862 968 697 319 224 494 133 211 763 784 315 99 618 635 786 28 130 985 715 90 68 122 992 431 152 
99 404 0 36 575 275 899 542 662 217 456 846 350 668 608 824 673 707 131 308 182 160 438 166 565 218 234 377 209 356 529 999 
760 529 35 334 494 624 567 846 841 22 691 881 380 298 394 53 696 215 51 878 375 489 735 630 398 659 7 607 14 536 296 465 
756 21 799 249 645 365 786 485 78 476 55 458 775 449 511 160 354 252 37 730 432 462 49 830 121 56 126 826 283 422 290 38 
443 780 978 87 835 763 262 913 930 317 371 394 456 572 554 811 825 281 230 256 744 970 776 555 26 902 380 1000 324 361 37 457 
140 705 545 975 158 497 578 87 505 949 171 651 210 725 151 725 5 71 671 749 41 446 994 67 38 374 66 362 425 794 509 565 
188 744 229 346 241 807 123 746 445 294 86 346 709 238 70 715 309 432 153 350 568 147 107 606 211 173 658 636 657 167 891 846 
911 810 882 842 617 696 277 752 680 364 97 389 602 859 794 601 290 947 952 548 784 58 154 995 923 502 320 579 359 901 424 270 
711 997 802 17 692 79 769 371 443 867 760 735 725 553 335 705 190 977 252 974 35 96 659 648 599 669 226 648 570 341 918 971 
337 410 988 719 489 446 89 622 312 540 46 727 783 381 431 663 48 374 327 774 470 986 421 759 654 647 407 914 678 14 574 705 
424 561 423 603 7 203 224 9 743 270 737 215 342 858 569 80 231 896 854 392 881 274 150 224 611 247 829 289 953 402 994 376 
654 417 670 351 310 584 360 743 545 787 958 887 645 526 657 876 421 510 267 992 784 108 907 84 355 735 373 307 136 57 374 480 
164 43 831 474 317 191 216 862 668 864 438 312 80 94 188 501 604 145 183 77 253 89 162 299 824 225 296 650 282 360 130 136 
93 651 610 411 842 516 272 200 380 711 512 460 805 390 651 99 536 524 176 479 613 28 468 126 254 765 777 226 124 597 363 218 
247 663 629 780 870 901 980 249 301 491 399 106 572 740 205 107 264 71 276 877 791 745 3 44 509 470 961 323 66 13 541 3 
367 860 783 236 451 762 175 752 944 574 858 515 313 753 312 577 515 588 454 305 22 147 39 221 617 1000 545 373 704 776 376 70 
326 850 997 777 611 171 528 244 745 76 449 748 519 451 15 33 730 159 338 752 306 377 974 613 67 208 986 461 984 51 221 309 
901 217 776 202 388 304 136 823 70 586 260 589 36 275 623 766 434 651 208 430 28 181 42 786 389 718 246 62 770 467 62 670 
684 838 562 762 832 699 274 902 284 224 181 10 500 804 467 624 454 675 54 172 546 96 958 625 505 203 687 274 360 439 634 734 
968 887 495 799 585 459 391 559 684 572 569 874 375 726 187 519 400 241 382 636 28 339 260 533 233 638 497 283 76 821 17 43 
707 512 533 291 662 924 540 35 185 800 599 250 525 786 769 616 27 150 251 746 180 512 969 103 149 465 386 916 976 403 960 683 
606 182 664 958 796 204 993 981 3 591 230 218 66 689 834 784 840 85 529 710 597 497 503 746 652 889 661 318 983 310 691 278 
182 354 235 978 248 227 958 942 508 187 160 264 877 994 48 406 78 577 806 365 765 308 801 106 887 152 114 869 462 805 146 335 
850 71 312 97 989 961 730 496 838 890 761 404 573 499 810 342 766 305 707 530 303 508 327 190 660 441 749 812 937 586 837 786 

657 149 573 646 800 302 832 637 882 282 41 455 781 541 487 547 537 884 767 840 391 784 29 741 225 779 243 161 54 770 637 711 
609 209 46 408 512 879 45 393 851 777 538 632 317 24 869 854 909 635 384 990 419 413 421 334 882 354 185 936 123 822 337 733 
30 383 831 232 952 876 316 803 342 854 124 350 569 993 894 167 317 277 847 426 691 267 450 262 311 635 889 125 146 916 548 868 
989 378 99 941 945 415 433 286 960 557 636 528 239 530 695 246 807 541 673 187 499 122 140 500 448 28 625 594 634 172 151 622 
551 251 252 185 356 685 471 315 932 107 533 861 327 227 107 133 459 780 11 648 592 151 147 39 870 463 324 503 325 475 124 876 
416 377 751 463 752 222 778 684 19 311 544 346 228 341 169 377 120 180 24 403 21 863 442 891 325 456 83 650 622 208 216 728 
275 967 190 717 879 969 90 898 970 325 243 197 666 413 265 477 283 289 880 305 842 11 195 857 468 279 507 780 177 413 507 142 
69 388 859 949 46 640 846 15 965 780 903 630 192 858 106 475 147 986 780 679 998 666 536 155 635 733 625 812 145 822 644 905 
209 192 853 255 832 389 961 796 168 554 426 360 411 222 525 248 208 996 928 896 661 153 741 295 886 365 797 30 186 130 935 86 
322 478 31 154 867 683 950 34 927 65 84 27 288 609 276 186 294 894 81 955 737 822 940 622 877 426 342 62 556 967 839 879 
444 871 723 0 553 672 34 479 738 809 506 716 418 472 902 402 55 983 357 792 494 987 413 370 103 445 122 659 412 962 227 856 
522 950 857 74 312 581 243 740 390 749 455 498 912 356 900 657 28 947 449 522 934 552 582 727 998 704 385 409 355 303 955 877 
943 811 641 254 82 884 994 472 323 448 660 925 494 249 581 522 196 29 43 820 272 315 546 269 710 621 368 64 614 322 632 557 
824 963 501 906 847 495 67 860 633 727 784 818 976 54 339 862 84 73 681 46 388 917 315 97 228 683 853 842 4 174 398 828 
136 900 423 983 84 490 532 407 907 5 224 573 60 254 434 835 327 806 881 405 412 195 503 640 568 45 482 262 219 570 90 355 
159 203 28 243 694 560 341 600 256 565 172 316 509 297 150 836 793 30 241 204 916 434 845 483 169 16 745 388 586 525 433 746 
729 461 679 112 712 19 712 658 275 575 974 784 562 814 310 354 844 241 248 449 365 92 932 534 108 366 922 385 582 44 821 310 
196 499 422 598 209 824 255 484 88 228 958 340 41 958 694 575 198 943 23 563 725 645 787 524 701 398 599 282 443 419 282 639 
918 394 236 126 218 491 300 997 409 949 337 140 906 721 715 795 353 428 47 78 72 835 292 773 923 891 746 365 309 27 694 917 
422 620 734 330 801 33 16 209 672 353 349 268 765 754 753 117 181 800 886 944 324 177 717 247 758 152 302 66 179 997 674 291 
306 407 311 107 130 328 6 803 371 46 70 135 800 823 944 672 312 829 615 637 697 21 574 144 173 566 902 43 562 575 334 559 
982 646 666 111 664 362 914 34 408 674 861 899 186 804 570 499 322 875 826 709 897 89 854 760 655 755 803 908 329 137 466 310 
473 822 111 136 183 25 861 592 389 721 180 576 214 440 765 537 314 590 936 901 369 789 661 23 233 463 931 562 290 86 562 453 
908 674 279 91 389 140 373 468 861 243 43 75 683 498 302 687 778 237 588 146 26 939 861 950 91 791 512 72 568 764 525 475 
127 805 256 206 945 319 675 495 252 408 260 935 907 562 312 374 490 900 521 206 528 381 155 619 862 667 381 429 121 907 595 939 
401 541 145 35 551 510 530 803 918 481 738 514 42 740 889 532 639 99 738 857 480 894 165 31 250 547 151 61 453 746 0 544 
977 836 579 527 345 799 330 953 279 758 157 12 497 736 234 826 835 663 372 4 556 537 726 496 83 877 248 226 312 248 770 289 
83 38 816 118 838 836 70 807 283 227 819 470 653 53 986 487 406 357 181 652 895 908 147 978 474 85 204 787 333 664 75 106 
703 581 915 230 107 986 36 390 903 546 861 556 289 536 733 695 894 605 346 788 202 183 455 676 269 659 462 292 13 227 89 716 
809 3 946 916 679 672 996 272 908 546 518 196 82 941 891 976 545 927 453 437 110 908 113 69 567 265 361 580 493 140 986 992 
144 621 907 513 983 592 785 891 138 302 86 911 243 668 886 478 284 338 916 394 245 719 153 502 984 205 772 476 345 447 157 179 
67 63 693 741 346 477 631 174 470 717 84 403 74 660 881 359 998 796 443 933 204 597 125 188 802 587 354 146 725 512 326 482 
