481 591 51 791 355 646 696 540 530 165 717 346 391 114 527 898 228 779 225 819 142 849 24 494 45 172 95 207 908 510 424 78 
100 166 869 456 812 254 996 341 109 402 688 501 206 905 398 124 373 313 943 515 161 657 700 898 830 795 104 427 995 219 505 95 
385 64 241 196 318 927 228 428 329 606 619 535 200 707 660 574 19 292 88 872 950 788 769 779 272 563 896 267 782 400 52 857 
154 293 744 473 219 972 591 238 267 209 464 467 916 814 40 625 105 820 496 54 297 264 523 570 828 418 527 299 509 269 156 663 
562 900 826 471 561 416 710 828 315 864 985 230 677 25 856 782 535 41 527 832 306 49 91 824 158 618 122 357 887 969 710 138 
868 536 610 118 642 9 946 958 873 931 878 549 646 733 20 180 775 547 11 771 287 103 594 135 411 406 492 989 375 201 817 933 
427 116 51 69 125 687 717 688 307 594 927 643 17 638 823 482 184 525 943 161 318 226 296 419 632 478 97 697 370 915 320 797 
30 371 556 847 748 272 224 746 557 151 388 264 789 211 746 663 426 688 825 744 914 811 853 235 980 951 933 349 865 252 836 585 
313 392 431 751 354 656 496 601 497 885 865 976 786 300 638 211 678 152 645 281 654 187 517 633 137 139 672 692 81 507 968 84 
589 398 835 944 744 331 234 931 906 99 906 691 89 234 592 768 386 927 48 730 113 255 362 942 394 33 323 165 231 290 249 820 
379 775 763 813 796 688 744 701 787 339 81 566 573 363 333 650 980 382 379 783 327 432 724 722 155 47 577 386 27 827 206 406 
601 659 219 86 346 963 787 823 301 558 389 565 921 412 214 590 484 283 372 812 715 787 533 871 524 109 947 551 626 843 958 917 
502 176 2 538 829 479 51 820 36 130 384 647 542 288 236 26 572 609 838 977 395 60 537 919 860 484 159 486 326 116 92 518 
983 95 747 501 264 798 321 301 928 395 948 469 374 875 185 636 173 22 612 568 82 149 176 633 323 335 118 339 142 901 858 124 
686 604 626 951 91 637 251 709 722 889 177 95 453 363 731 626 75 33 193 849 182 59 481 505 395 289 844 537 189 391 351 876 
685 667 826 466 994 767 174 716 345 352 501 799 405 923 424 480 956 308 18 828 367 499 22 452 788 556 679 978 638 30 543 322 
697 368 789 691 825 653 96 169 4 287 968 99 209 392 270 855 700 288 682 757 788 394 209 265 951 888 242 588 918 785 600 305 
843 78 686 667 732 472 837 426 759 494 216 969 886 486 513 275 464 886 32 942 279 932 207 920 819 449 197 427 925 798 422 457 
566 107 124 988 579 651 414 337 144 320 996 721 806 509 686 960 394 408 902 363 339 108 283 849 247 480 275 862 968 697 319 224 
494 133 211 763 784 315 99 618 635 786 28 130 985 715 90 68 122 992 431 152 99 404 0 36 575 275 899 542 662 217 456 846 
350 668 608 824 673 707 131 308 182 160 438 166 565 218 234 377 209 356 529 999 760 529 35 334 494 624 567 846 841 22 691 881 
380 298 394 53 696 215 51 878 375 489 735 630 398 659 7 607 14 536 296 465 756 21 799 249 645 365 786 485 78 476 55 458 
775 449 511 160 354 252 37 730 432 462 49 830 121 56 126 826 283 422 290 38 443 780 978 87 835 763 262 913 930 317 371 394 
456 572 554 811 825 281 230 256 744 970 776 555 26 902 380 1000 324 361 37 457 140 705 545 975 158 497 578 87 505 949 171 651 
210 725 151 725 5 71 671 749 41 446 994 67 38 374 66 362 425 794 509 565 188 744 229 346 241 807 123 746 445 294 86 346 
709 238 70 715 309 432 153 350 568 147 107 606 211 173 658 636 657 167 891 846 911 810 882 842 617 696 277 752 680 364 97 389 
602 859 794 601 290 947 952 548 784 58 154 995 923 502 320 579 359 901 424 270 711 997 802 17 692 79 769 371 443 867 760 735 
725 553 335 705 190 977 252 974 35 96 659 648 599 669 226 648 570 341 918 971 337 410 988 719 489 446 89 622 312 540 46 727 
783 381 431 663 48 374 327 774 470 986 421 759 654 647 407 914 678 14 574 705 424 561 423 603 7 203 224 9 743 270 737 215 
342 858 569 80 231 896 854 392 881 274 150 224 611 247 829 289 953 402 994 376 654 417 670 351 310 584 360 743 545 787 958 887 
645 526 657 876 421 510 267 992 784 108 907 84 355 735 373 307 136 57 374 480 164 43 831 474 317 191 216 862 668 864 438 312 
80 94 188 501 604 145 183 77 253 89 162 299 824 225 296 650 282 360 130 136 93 651 610 411 842 516 272 200 380 711 512 460 

481 591 51 791 355 646 696 540 530 165 717 346 391 114 527 898 228 779 225 819 142 849 24 494 45 172 95 207 908 510 424 78 
100 166 869 456 812 254 996 341 109 402 688 501 206 905 398 124 373 313 943 515 161 657 700 898 830 795 104 427 995 219 505 95 
385 64 241 196 318 927 228 428 329 606 619 535 200 707 660 574 19 292 88 872 950 788 769 779 272 563 896 267 782 400 52 857 
154 293 744 473 219 972 591 238 267 209 464 467 916 814 40 625 105 820 496 54 297 264 523 570 828 418 527 299 509 269 156 663 
562 900 826 471 561 416 710 828 315 864 985 230 677 25 856 782 535 41 527 832 306 49 91 824 158 618 122 357 887 969 710 138 
868 536 610 118 642 9 946 958 873 931 878 549 646 733 20 180 775 547 11 771 287 103 594 135 411 406 492 989 375 201 817 933 
427 116 51 69 125 687 717 688 307 594 927 643 17 638 823 482 184 525 943 161 318 226 296 419 632 478 97 697 370 915 320 797 
30 371 556 847 748 272 224 746 557 151 388 264 789 211 746 663 426 688 825 744 914 811 853 235 980 951 933 349 865 252 836 585 
313 392 431 751 354 656 496 601 497 885 865 976 786 300 638 211 678 152 645 281 654 187 517 633 137 139 672 692 81 507 968 84 
589 398 835 944 744 331 234 931 906 99 906 691 89 234 592 768 386 927 48 730 113 255 362 942 394 33 323 165 231 290 249 820 
379 775 763 813 796 688 744 701 787 339 81 566 573 363 333 650 980 382 379 783 327 432 724 722 155 47 577 386 27 827 206 406 
601 659 219 86 346 963 787 823 301 558 389 565 921 412 214 590 484 283 372 812 715 787 533 871 524 109 947 551 626 843 958 917 
502 176 2 538 829 479 51 820 36 130 384 647 542 288 236 26 572 609 838 977 395 60 537 919 860 484 159 486 326 116 92 518 
983 95 747 501 264 798 321 301 928 395 948 469 374 875 185 636 173 22 612 568 82 149 176 633 323 335 118 339 142 901 858 124 
686 604 626 951 91 637 251 709 722 889 177 95 453 363 731 626 75 33 193 849 182 59 481 505 395 289 844 537 189 391 351 876 
685 667 826 466 994 767 174 716 345 352 501 799 405 923 424 480 956 308 18 828 367 499 22 452 788 556 679 978 638 30 543 322 
697 368 789 691 825 653 96 169 4 287 968 99 209 392 270 855 700 288 682 757 788 394 209 265 951 888 242 588 918 785 600 305 
843 78 686 667 732 472 837 426 759 494 216 969 886 486 513 275 464 886 32 942 279 932 207 920 819 449 197 427 925 798 422 457 
566 107 124 988 579 651 414 337 144 320 996 721 806 509 686 960 394 408 902 363 339 108 283 849 247 480 275 862 968 697 319 224 
494 133 211 763 784 315 99 618 635 786 28 130 985 715 90 68 122 992 431 152 99 404 0 36 575 275 899 542 662 217 456 846 
350 668 608 824 673 707 131 308 182 160 438 166 565 218 234 377 209 356 529 999 760 529 35 334 494 624 567 846 841 22 691 881 
380 298 394 53 696 215 51 878 375 489 735 630 398 659 7 607 14 536 296 465 756 21 799 249 645 365 786 485 78 476 55 458 
775 449 511 160 354 252 37 730 432 462 49 830 121 56 126 826 283 422 290 38 443 780 978 87 835 763 262 913 930 317 371 394 
456 572 554 811 825 281 230 256 744 970 776 555 26 902 380 1000 324 361 37 457 140 705 545 975 158 497 578 87 505 949 171 651 
210 725 151 725 5 71 671 749 41 446 994 67 38 374 66 362 425 794 509 565 188 744 229 346 241 807 123 746 445 294 86 346 
709 238 70 715 309 432 153 350 568 147 107 606 211 173 658 636 657 167 891 846 911 810 882 842 617 696 277 752 680 364 97 389 
602 859 794 601 290 947 952 548 784 58 154 995 923 502 320 579 359 901 424 270 711 997 802 17 692 79 769 371 443 867 760 735 
725 553 335 705 190 977 252 974 35 96 659 648 599 669 226 648 570 341 918 971 337 410 988 719 489 446 89 622 312 540 46 727 
783 381 431 663 48 374 327 774 470 986 421 759 654 647 407 914 678 14 574 705 424 561 423 603 7 203 224 9 743 270 737 215 
342 858 569 80 231 896 854 392 881 274 150 224 611 247 829 289 953 402 994 376 654 417 670 351 310 584 360 743 545 787 958 887 
645 526 657 876 421 510 267 992 784 108 907 84 355 735 373 307 136 57 374 480 164 43 831 474 317 191 216 862 668 864 438 312 
80 94 188 501 604 145 183 77 253 89 162 299 824 225 296 650 282 360 130 136 93 651 610 411 842 516 272 200 380 711 512 460 
